first violin:

1. 3
2. 3
3. 2
4. 3
5. 2
6. 5
7. 4
8. 3
9. 2
10. 2
11. 5
12. 4
13. 3
14. 3
15. 2
16. 3
17. 3
18. 2
19. 3
20. 3
21. 3
22. 3
23. 3
24. 2
25. 4
26. 3
27. 4
28. 2
29. 2
30. 4
31. 3
32. 3
33. 4
34. 1
35. 4
36. 4
37. 2
38. 5
39. 1
40. 5
41. 3
42. 3
43. 3
44. 2
45. 4
46. 2
47. 4
48. 2
49. 4
50. 2
51. 3
52. 3
53. 1
54. 5
55. 3
56. 3
57. 3
58. 2
59. 5
60. 3
61. 3
62. 3
63. 1
64. 4
65. 3
66. 2
67. 4
68. 2
69. 4
70. 2
71. 2
72. 3
73. 4
74. 3
75. 4
76. 3
77. 1
78. 4
79. 4
80. 4
81. 4
82. 1
83. 5
84. 2
85. 2
86. 4
87. 2
88. 5
89. 4
90. 2
91. 3
92. 3
93. 5
94. 3
95. 4
96. 1
97. 3
98. 3
99. 3
100. 3
101. 2
102. 4
103. 3
104. 4
105. 3
106. 2
107. 4
108. 4
109. 2
110. 4
111. 1
112. 3
113. 2
114. 1
115. 4
116. 1
117. 5
118. 2
119. 4
120. 3
121. 3
122. 4
123. 3
124. 3
125. 2
126. 4
127. 4
128. 3
129. 4
130. 2
131. 4
132. 3
133. 3
134. 4
135. 2
136. 4
137. 4
138. 2
139. 3
140. 3
141. 4
142. 3
143. 3
144. 2
145. 2
146. 3
147. 3
148. 3
149. 2
150. 3
151. 4
152. 1
153. 3
154. 2
155. 4
156. 4
157. 2
158. 4
159. 2
160. 4
161. 4
162. 3
163. 4
164. 2
165. 4
166. 2
167. 3
168. 3
169. 4
170. 4
171. 3
172. 3
173. 1
174. 4
175. 4
176. 4
177. 3
178. 1
179. 3
180. 3
181. 4
182. 4
183. 2
184. 3
185. 4
186. 3
187. 3
188. 3
189. 4
190. 3
191. 2
192. 3
193. 3
194. 3
195. 4
196. 3
197. 2
198. 3
199. 4
200. 3
201. 4
202. 2
203. 4
204. 3
205. 3
206. 4
207. 1
208. 5
209. 3
210. 3
211. 3
212. 3
213. 3
214. 2
215. 3
216. 2
217. 4
218. 4
219. 4
220. 2
221. 2
222. 5
223. 3
224. 4
225. 2
226. 1
227. 4
228. 3
229. 3
230. 4
231. 2
232. 3
233. 3
234. 2
235. 3
236. 2
237. 5
238. 3
239. 3
240. 2
241. 2
242. 3
243. 3
244. 3
245. 2
246. 4
247. 2
248. 3
249. 4
250. 2
251. 5
252. 3
253. 3
254. 3
255. 2
256. 5
257. 4
258. 3
259. 3
260. 2
261. 4
262. 2
263. 3
264. 2
265. 4
266. 2
267. 4
268. 4
269. 1
270. 4
271. 4
272. 3
273. 3
274. 2
275. 3
276. 3
277. 2
278. 5
279. 1
280. 4
281. 3
282. 4
283. 4
284. 2
285. 5
286. 2
287. 4
288. 2
289. 3
290. 4
291. 3
292. 4
293. 1
294. 4
295. 3
296. 3
297. 4
298. 1
299. 5
300. 3
301. 2
302. 4
303. 1
304. 4
305. 4
306. 2
307. 3
308. 2
309. 3
310. 3
311. 2
312. 3
313. 3
314. 3
315. 2
316. 3
317. 2
318. 4
319. 4
320. 3
321. 4
322. 1
323. 4
324. 4
325. 3
326. 5
327. 1
328. 4
329. 3
330. 2
331. 3
332. 2
333. 5
334. 2
335. 3
336. 2
337. 4
338. 4
339. 4
340. 3
341. 1
342. 4
343. 2
344. 4
345. 4
346. 2
347. 5
348. 3
349. 3
350. 4
351. 2
352. 4
353. 4
354. 1
355. 4
356. 2
357. 4
358. 3
359. 3
360. 3
361. 2
362. 4
363. 3
364. 4
365. 2
366. 4
367. 4
368. 3
369. 3
370. 3
371. 3
372. 2
373. 4
374. 4
375. 2
376. 4
377. 2
378. 3
379. 3
380. 3
381. 4
382. 3
383. 2
384. 3
385. 4
386. 3
387. 4
388. 3
389. 2
390. 3
391. 3
392. 3
393. 3
394. 2
395. 3
396. 3
397. 2
398. 4
399. 2
400. 4
401. 4
402. 2
403. 3
404. 3
405. 3
406. 3
407. 4
408. 3
409. 3
410. 3
411. 1
412. 4
413. 2
414. 5
415. 4
416. 3
417. 2
418. 2
419. 5
420. 4
421. 3
422. 3
423. 2
424. 3
425. 3
426. 3
427. 3
428. 3
429. 3
430. 3
431. 4
432. 2
433. 5
434. 3
435. 4
436. 2
437. 2
438. 4
439. 3
440. 2
441. 4
442. 1
443. 4
444. 4
445. 2
446. 5
447. 1
448. 5
449. 3
450. 3
451. 3
452. 2
453. 5
454. 2
455. 4
456. 2
457. 4
458. 2
459. 3
460. 3
461. 2
462. 5
463. 3
464. 3
465. 3
466. 2
467. 5
468. 3
469. 3
470. 3
471. 1
472. 4
473. 3
474. 1
475. 4
476. 3
477. 4
478. 2
479. 2
480. 3
481. 3
482. 4
483. 4
484. 3
485. 1
486. 4
487. 4
488. 4
489. 4
490. 1
491. 5
492. 2
493. 2
494. 5
495. 2
496. 5
497. 3
498. 2
499. 2
500. 3
501. 3
502. 2
503. 4
504. 1
505. 3
506. 3
507. 3
508. 3
509. 2
510. 4
511. 3
512. 4
513. 3
514. 2
515. 4
516. 4
517. 3
518. 4
519. 1
520. 4
521. 3
522. 2
523. 4
524. 1
525. 5
526. 2
527. 4
528. 3
529. 3
530. 4
531. 3
532. 3
533. 2
534. 4
535. 3
536. 3
537. 4
538. 1
539. 4
540. 4
541. 2
542. 4
543. 2
544. 4
545. 4
546. 2
547. 3
548. 3
549. 4
550. 3
551. 3
552. 2
553. 2
554. 3
555. 4
556. 3
557. 2
558. 3
559. 4
560. 2
561. 3
562. 3
563. 4
564. 4
565. 2
566. 4
567. 2
568. 4
569. 3
570. 3
571. 4
572. 2
573. 4
574. 2
575. 3
576. 3
577. 4
578. 4
579. 3
580. 3
581. 1
582. 5
583. 4
584. 4
585. 3
586. 1
587. 3
588. 3
589. 4
590. 3
591. 2
592. 3
593. 4
594. 3
595. 3
596. 3
597. 4
598. 3
599. 2
600. 3
601. 3
602. 3
603. 3
604. 3
605. 2
606. 4
607. 4
608. 3
609. 4
610. 1
611. 5
612. 3
613. 3
614. 4
615. 1
616. 5
617. 3
618. 3
619. 3
620. 3
621. 3
622. 2
623. 4
624. 2
625. 4
626. 3
627. 4
628. 1
629. 2
630. 3
631. 4
632. 4
633. 2
634. 1
635. 4
636. 3
637. 3
638. 4
639. 2
640. 3
641. 3
642. 2
643. 3
644. 2
645. 5
646. 4
647. 3
648. 2
649. 3
650. 3
651. 4
652. 4
653. 2
654. 4
655. 2
656. 3
657. 4
658. 2
659. 5
660. 3
661. 3
662. 3
663. 2
664. 4
665. 4
666. 3
667. 2
668. 2
669. 3
670. 2
671. 4
672. 2
673. 4
674. 2
675. 4
676. 4
677. 1
678. 4
679. 4
680. 3
681. 3
682. 2
683. 3
684. 4
685. 2
686. 5
687. 1
688. 4
689. 3
690. 3
691. 3
692. 2
693. 5
694. 2
695. 4
696. 2
697. 3
698. 3
699. 3
700. 4
701. 1
702. 4
703. 3
704. 3
705. 4
706. 1
707. 5
708. 3
709. 2
710. 4
711. 2
712. 4
713. 4
714. 2
715. 3
716. 2
717. 3
718. 3
719. 2
720. 2
721. 3
722. 3
723. 2
724. 3
725. 2
726. 4
727. 4
728. 3
729. 4
730. 1
731. 4
732. 3
733. 3
734. 5
735. 2
736. 4
737. 3
738. 2
739. 4
740. 3
741. 5
742. 2
743. 3
744. 2
745. 4
746. 4
747. 4
748. 3
749. 1
750. 4
751. 2
752. 4
753. 3
754. 2
755. 4
756. 3
757. 3
758. 3
759. 2
760. 3
761. 4
762. 1
763. 4
764. 2
765. 4
766. 3
767. 3
768. 3
769. 2
770. 4
771. 3
772. 4
773. 2
774. 4
775. 4
776. 4
777. 3
778. 2
779. 3
780. 3
781. 3
782. 4
783. 2
784. 4
785. 2
786. 3
787. 3
788. 3
789. 4
790. 3
791. 2
792. 3
793. 3
794. 3
795. 4
796. 2
797. 2
798. 2
799. 3
800. 4
801. 3
802. 2
803. 3
804. 3
805. 2
806. 4
807. 2
808. 4
809. 4
810. 2
811. 3
812. 3
813. 4
814. 3
815. 4
816. 3
817. 3
818. 3
819. 2
820. 3
821. 2
822. 5
823. 4
824. 3
825. 2
826. 2
827. 4
828. 4
829. 3
830. 3
831. 2
832. 3
833. 3
834. 3
835. 3
836. 3
837. 3
838. 3
839. 4
840. 2
841. 4
842. 3
843. 4
844. 2
845. 2
846. 4
847. 3
848. 2
849. 3
850. 1
851. 4
852. 4
853. 2
854. 5
855. 1
856. 5
857. 3
858. 3
859. 3
860. 2
861. 4
862. 2
863. 4
864. 3
865. 4
866. 2
867. 3
868. 4
869. 1
870. 5
871. 3
872. 3
873. 3
874. 2
875. 5
876. 3
877. 3
878. 3
879. 1
880. 4
881. 3
882. 2
883. 4
884. 2
885. 4
886. 2
887. 1
888. 4
889. 4
890. 3
891. 4
892. 3
893. 1
894. 4
895. 4
896. 4
897. 4
898. 1
899. 5
900. 2
901. 2
902. 5
903. 2
904. 5
905. 4
906. 2
907. 3
908. 3
909. 4
910. 3
911. 4
912. 1
913. 3
914. 3
915. 3
916. 3
917. 2
918. 4
919. 3
920. 4
921. 3
922. 3
923. 4
924. 4
925. 2
926. 4
927. 1
928. 3
929. 4
930. 2
931. 4
932. 1
933. 5
934. 2
935. 4
936. 3
937. 3
938. 4
939. 3
940. 3
941. 2
942. 4
943. 4
944. 3
945. 4
946. 1
947. 4
948. 3
949. 3
950. 4
951. 2
952. 4
953. 4
954. 2
955. 3
956. 3
957. 3
958. 3
959. 3
960. 2
961. 2
962. 3
963. 4
964. 3
965. 2
966. 3
967. 4
968. 2
969. 3
970. 2
971. 4
972. 4
973. 2
974. 4
975. 2
976. 4
977. 3
978. 2
979. 4
980. 2
981. 4
982. 2
983. 3
984. 3
985. 4
986. 4
987. 3
988. 3
989. 1
990. 5
991. 3
992. 4
993. 4
994. 1
995. 3
996. 3
997. 3
998. 4
999. 2
1000. 3
1001. 4
1002. 3
1003. 3
1004. 3
1005. 4
1006. 3
1007. 2
1008. 3
1009. 3
1010. 3
1011. 4
1012. 3
1013. 2
1014. 3
1015. 4
1016. 4
1017. 3
1018. 2
1019. 4
1020. 3
1021. 3
1022. 4
1023. 1
1024. 5
1025. 3
1026. 3
1027. 3
1028. 3
1029. 3
1030. 2
1031. 4
1032. 2
1033. 4
1034. 4
1035. 4
1036. 2
1037. 2
1038. 4
1039. 3
1040. 4
1041. 2
1042. 1
1043. 4
1044. 3
1045. 3
1046. 4
1047. 2
1048. 3
1049. 3
1050. 2
1051. 4
1052. 2
1053. 5
1054. 3
1055. 3
1056. 2
1057. 2
1058. 4
1059. 4
1060. 4
1061. 2
1062. 4
1063. 2
1064. 3
1065. 4
1066. 2
1067. 5
1068. 3
1069. 3
1070. 3
1071. 2
1072. 5
1073. 4
1074. 3
1075. 2
1076. 2
1077. 4
1078. 2
1079. 3
1080. 2
1081. 4
1082. 2
1083. 4
1084. 4
1085. 1
1086. 3
1087. 4
1088. 3
1089. 3
1090. 2
1091. 3
1092. 4
1093. 2
1094. 5
1095. 1
1096. 4
1097. 3
1098. 3
1099. 4
1100. 2
1101. 5
1102. 2
1103. 4
1104. 2
1105. 3
1106. 3
1107. 4
1108. 4
1109. 1
1110. 4
1111. 3
1112. 3
1113. 4
1114. 1
1115. 5
1116. 3
1117. 2
1118. 4
1119. 2
1120. 3
1121. 4
1122. 3
1123. 3
1124. 2
1125. 3
1126. 3
1127. 3
1128. 3
1129. 3
1130. 3
1131. 2
1132. 3
1133. 2
1134. 4
1135. 4
1136. 3
1137. 4
1138. 1
1139. 4
1140. 4
1141. 3
1142. 5
1143. 1
1144. 4
1145. 2
1146. 2
1147. 2
1148. 2
1149. 5
1150. 2
1151. 3
1152. 2
1153. 4
1154. 4
1155. 4
1156. 3
1157. 1
1158. 4
1159. 2
1160. 4
1161. 3
1162. 2
1163. 5
1164. 3
1165. 3
1166. 4
1167. 3
1168. 4
1169. 4
1170. 1
1171. 4
1172. 2
1173. 4
1174. 3
1175. 3
1176. 3
1177. 2
1178. 4
1179. 3
1180. 4
1181. 1
1182. 4
1183. 4
1184. 3
1185. 3
1186. 3
1187. 4
1188. 3
1189. 3
1190. 4
1191. 2
1192. 4
1193. 2
1194. 3
1195. 3
1196. 3
1197. 4
1198. 3
1199. 2
1200. 3
1201. 4
1202. 3
1203. 4
1204. 2
1205. 2
1206. 3
1207. 3
1208. 3
1209. 3
1210. 2
1211. 3
1212. 3
1213. 2
1214. 4
1215. 3
1216. 4
1217. 4
1218. 2
1219. 3
1220. 3
1221. 4
1222. 3
1223. 4
1224. 3
1225. 3
1226. 3
1227. 2
1228. 4
1229. 2
1230. 5
1231. 4
1232. 3
1233. 2
1234. 2
1235. 4
1236. 3
1237. 3
1238. 3
1239. 2
1240. 3
1241. 3
1242. 3
1243. 3
1244. 3
1245. 3
1246. 3
1247. 4
1248. 2
1249. 3
1250. 3
1251. 4
1252. 3
1253. 2
1254. 4
1255. 3
1256. 3
1257. 4
1258. 1
1259. 4
1260. 4
1261. 2
1262. 5
1263. 1
1264. 5
1265. 3
1266. 3
1267. 3
1268. 2
1269. 5
1270. 2
1271. 4
1272. 2
1273. 4
1274. 3
1275. 3
1276. 4
1277. 2
1278. 5
1279. 3
1280. 3
1281. 3
1282. 2
1283. 5
1284. 3
1285. 3
1286. 3
1287. 1
1288. 4
1289. 3
1290. 2
1291. 4
1292. 3
1293. 4
1294. 2
1295. 2
1296. 4
1297. 3
1298. 4
1299. 4
1300. 3
1301. 1
1302. 4
1303. 4
1304. 4
1305. 4
1306. 1
1307. 5
1308. 2
1309. 2
1310. 4
1311. 2
1312. 5
1313. 3
1314. 2
1315. 2
1316. 3
1317. 5
1318. 3
1319. 4
1320. 1
1321. 3
1322. 3
1323. 3
1324. 3
1325. 2
1326. 4
1327. 3
1328. 4
1329. 3
1330. 2
1331. 4
1332. 4
1333. 2
1334. 4
1335. 1
1336. 4
1337. 3
1338. 2
1339. 4
1340. 1
1341. 5
1342. 2
1343. 4
1344. 4
1345. 3
1346. 4
1347. 3
1348. 3
1349. 2
1350. 4
1351. 4
1352. 3
1353. 4
1354. 1
1355. 4
1356. 3
1357. 2
1358. 4
1359. 2
1360. 4
1361. 4
1362. 2
1363. 3
1364. 3
1365. 3
1366. 4
1367. 3
1368. 2
1369. 2
1370. 3
1371. 4
1372. 3
1373. 2
1374. 3
1375. 4
1376. 2
1377. 3
1378. 3
1379. 4
1380. 4
1381. 3
1382. 4
1383. 2
1384. 4
1385. 4
1386. 3
1387. 4
1388. 2
1389. 4
1390. 2
1391. 3
1392. 3
1393. 4
1394. 4
1395. 3
1396. 3
1397. 1
1398. 5
1399. 4
1400. 4
1401. 3
1402. 1
1403. 3
1404. 2
1405. 3
1406. 3
1407. 2
1408. 3
1409. 4
1410. 3
1411. 3
1412. 3
1413. 4
1414. 3
1415. 2
1416. 3
1417. 3
1418. 3
1419. 4
1420. 3
1421. 2
1422. 4
1423. 4
1424. 3
1425. 3
1426. 1
1427. 5
1428. 3
1429. 3
1430. 4
1431. 1
1432. 5
1433. 3
1434. 3
1435. 3
1436. 3
1437. 3
1438. 2
1439. 5
1440. 2
1441. 4
1442. 3
1443. 4
1444. 1
1445. 2
1446. 5
1447. 3
1448. 4
1449. 2
1450. 1
1451. 4
1452. 3
1453. 3
1454. 4
1455. 2
1456. 3
1457. 3
1458. 2
1459. 3
1460. 2
1461. 5
1462. 3
1463. 3
1464. 2
1465. 3
1466. 3
1467. 4
1468. 4
1469. 2
1470. 4
1471. 2
1472. 3
1473. 3
1474. 2
1475. 5
1476. 3
1477. 3
1478. 3
1479. 2
1480. 5
1481. 4
1482. 3
1483. 2
1484. 2
1485. 4
1486. 2
1487. 4
1488. 2
1489. 4
1490. 2
1491. 4
1492. 4
1493. 1
1494. 3
1495. 3
1496. 3
1497. 3
1498. 2
1499. 3
1500. 4
1501. 2
1502. 5
1503. 1
1504. 4
1505. 3
1506. 3
1507. 5
1508. 2
1509. 5
1510. 3
1511. 4
1512. 2
1513. 3
1514. 4
1515. 3
1516. 4
1517. 1
1518. 4
1519. 3
1520. 3
1521. 4
1522. 1
1523. 5
1524. 3
1525. 2
1526. 4
1527. 2
1528. 4
1529. 4
1530. 2
1531. 3
1532. 2
1533. 2
1534. 2
1535. 2
1536. 2
1537. 3
1538. 3
1539. 2
1540. 3
1541. 2
1542. 4
1543. 4
1544. 3
1545. 4
1546. 1
1547. 4
1548. 4
1549. 3
1550. 5
1551. 1

second violin:

1. 0
2. 0
3. 2
4. 1
5. 1
6. 1
7. 2
8. 1
9. 0
10. 1
11. 2
12. 3
13. 1
14. 2
15. 1
16. 2
17. 0
18. 2
19. 2
20. 1
21. 1
22. 3
23. 2
24. 0
25. 3
26. 1
27. 1
28. 2
29. 2
30. 2
31. 2
32. 1
33. 2
34. 1
35. 1
36. 2
37. 2
38. 2
39. 1
40. 1
41. 2
42. 2
43. 2
44. 1
45. 3
46. 2
47. 0
48. 3
49. 0
50. 2
51. 1
52. 2
53. 2
54. 1
55. 2
56. 1
57. 2
58. 2
59. 2
60. 3
61. 1
62. 1
63. 1
64. 1
65. 2
66. 2
67. 2
68. 2
69. 1
70. 0
71. 2
72. 1
73. 1
74. 1
75. 2
76. 1
77. 1
78. 1
79. 3
80. 3
81. 1
82. 0
83. 2
84. 2
85. 0
86. 2
87. 2
88. 1
89. 0
90. 1
91. 2
92. 2
93. 2
94. 3
95. 1
96. 2
97. 0
98. 3
99. 2
100. 1
101. 2
102. 1
103. 1
104. 0
105. 3
106. 2
107. 2
108. 1
109. 2
110. 0
111. 2
112. 1
113. 2
114. 1
115. 0
116. 1
117. 1
118. 3
119. 2
120. 2
121. 3
122. 1
123. 2
124. 1
125. 2
126. 1
127. 3
128. 2
129. 1
130. 2
131. 0
132. 2
133. 1
134. 2
135. 1
136. 3
137. 2
138. 0
139. 1
140. 1
141. 2
142. 2
143. 2
144. 1
145. 1
146. 1
147. 2
148. 1
149. 1
150. 2
151. 2
152. 1
153. 0
154. 2
155. 2
156. 1
157. 1
158. 0
159. 2
160. 1
161. 2
162. 3
163. 0
164. 1
165. 1
166. 2
167. 2
168. 3
169. 1
170. 1
171. 1
172. 1
173. 2
174. 2
175. 1
176. 1
177. 2
178. 0
179. 1
180. 2
181. 2
182. 2
183. 1
184. 1
185. 1
186. 3
187. 1
188. 3
189. 3
190. 1
191. 1
192. 1
193. 2
194. 1
195. 3
196. 1
197. 2
198. 2
199. 1
200. 2
201. 2
202. 1
203. 1
204. 2
205. 2
206. 1
207. 2
208. 2
209. 2
210. 2
211. 1
212. 3
213. 1
214. 1
215. 2
216. 1
217. 1
218. 2
219. 1
220. 2
221. 2
222. 2
223. 2
224. 0
225. 2
226. 1
227. 3
228. 1
229. 2
230. 1
231. 1
232. 2
233. 1
234. 1
235. 3
236. 2
237. 1
238. 1
239. 0
240. 1
241. 2
242. 1
243. 2
244. 1
245. 0
246. 1
247. 1
248. 2
249. 2
250. 4
251. 1
252. 0
253. 1
254. 1
255. 0
256. 3
257. 3
258. 1
259. 1
260. 0
261. 2
262. 0
263. 2
264. 2
265. 2
266. 2
267. 1
268. 2
269. 2
270. 2
271. 2
272. 1
273. 2
274. 0
275. 1
276. 1
277. 1
278. 2
279. 2
280. 1
281. 2
282. 2
283. 2
284. 2
285. 1
286. 1
287. 0
288. 2
289. 1
290. 2
291. 2
292. 0
293. 3
294. 1
295. 2
296. 1
297. 3
298. 1
299. 1
300. 2
301. 1
302. 2
303. 3
304. 2
305. 1
306. 1
307. 1
308. 1
309. 2
310. 1
311. 2
312. 2
313. 1
314. 1
315. 0
316. 2
317. 3
318. 2
319. 1
320. 1
321. 0
322. 3
323. 1
324. 3
325. 2
326. 2
327. 1
328. 0
329. 2
330. 0
331. 2
332. 2
333. 1
334. 1
335. 1
336. 1
337. 3
338. 2
339. 2
340. 2
341. 2
342. 1
343. 1
344. 1
345. 1
346. 2
347. 1
348. 0
349. 4
350. 2
351. 2
352. 2
353. 0
354. 2
355. 1
356. 3
357. 1
358. 3
359. 1
360. 1
361. 2
362. 0
363. 1
364. 1
365. 3
366. 1
367. 1
368. 2
369. 1
370. 2
371. 1
372. 1
373. 1
374. 1
375. 2
376. 0
377. 2
378. 2
379. 3
380. 2
381. 1
382. 1
383. 1
384. 1
385. 3
386. 1
387. 2
388. 1
389. 0
390. 2
391. 0
392. 2
393. 2
394. 1
395. 2
396. 1
397. 1
398. 1
399. 3
400. 2
401. 0
402. 2
403. 1
404. 2
405. 1
406. 2
407. 2
408. 1
409. 1
410. 1
411. 1
412. 1
413. 3
414. 1
415. 1
416. 1
417. 2
418. 3
419. 2
420. 2
421. 1
422. 2
423. 1
424. 1
425. 2
426. 3
427. 1
428. 1
429. 1
430. 2
431. 3
432. 1
433. 2
434. 2
435. 0
436. 2
437. 2
438. 2
439. 1
440. 2
441. 2
442. 1
443. 1
444. 1
445. 3
446. 2
447. 2
448. 2
449. 2
450. 1
451. 2
452. 1
453. 3
454. 2
455. 2
456. 1
457. 0
458. 1
459. 1
460. 2
461. 1
462. 0
463. 4
464. 1
465. 1
466. 2
467. 2
468. 2
469. 1
470. 2
471. 1
472. 2
473. 1
474. 1
475. 2
476. 1
477. 0
478. 2
479. 2
480. 1
481. 2
482. 1
483. 1
484. 1
485. 0
486. 2
487. 3
488. 2
489. 1
490. 0
491. 1
492. 2
493. 2
494. 3
495. 2
496. 0
497. 1
498. 1
499. 1
500. 1
501. 2
502. 2
503. 0
504. 2
505. 0
506. 2
507. 2
508. 2
509. 2
510. 2
511. 0
512. 2
513. 3
514. 2
515. 1
516. 3
517. 1
518. 0
519. 2
520. 1
521. 2
522. 2
523. 1
524. 2
525. 1
526. 2
527. 0
528. 2
529. 2
530. 1
531. 4
532. 1
533. 2
534. 0
535. 2
536. 2
537. 1
538. 2
539. 2
540. 1
541. 1
542. 2
543. 1
544. 2
545. 0
546. 1
547. 3
548. 2
549. 1
550. 2
551. 2
552. 1
553. 0
554. 3
555. 3
556. 1
557. 1
558. 1
559. 1
560. 2
561. 1
562. 2
563. 2
564. 0
565. 1
566. 0
567. 3
568. 1
569. 3
570. 3
571. 0
572. 0
573. 1
574. 2
575. 2
576. 2
577. 3
578. 1
579. 0
580. 1
581. 2
582. 2
583. 3
584. 2
585. 2
586. 1
587. 0
588. 2
589. 2
590. 1
591. 0
592. 3
593. 1
594. 3
595. 1
596. 2
597. 2
598. 1
599. 2
600. 2
601. 2
602. 0
603. 2
604. 1
605. 1
606. 1
607. 3
608. 2
609. 2
610. 1
611. 2
612. 2
613. 2
614. 0
615. 2
616. 2
617. 1
618. 2
619. 1
620. 2
621. 1
622. 2
623. 3
624. 2
625. 0
626. 3
627. 1
628. 1
629. 1
630. 2
631. 1
632. 0
633. 2
634. 0
635. 2
636. 1
637. 3
638. 2
639. 1
640. 1
641. 1
642. 1
643. 2
644. 2
645. 3
646. 0
647. 0
648. 0
649. 1
650. 1
651. 1
652. 1
653. 2
654. 1
655. 0
656. 2
657. 2
658. 3
659. 1
660. 1
661. 1
662. 2
663. 1
664. 2
665. 3
666. 1
667. 1
668. 2
669. 1
670. 0
671. 3
672. 1
673. 1
674. 2
675. 2
676. 1
677. 2
678. 1
679. 2
680. 1
681. 1
682. 2
683. 3
684. 2
685. 1
686. 1
687. 2
688. 1
689. 2
690. 2
691. 3
692. 2
693. 0
694. 3
695. 0
696. 3
697. 1
698. 2
699. 2
700. 1
701. 2
702. 1
703. 2
704. 1
705. 2
706. 3
707. 1
708. 2
709. 1
710. 1
711. 3
712. 2
713. 2
714. 2
715. 1
716. 0
717. 2
718. 1
719. 1
720. 1
721. 3
722. 1
723. 0
724. 1
725. 3
726. 2
727. 1
728. 0
729. 2
730. 3
731. 0
732. 2
733. 2
734. 1
735. 0
736. 1
737. 2
738. 1
739. 2
740. 3
741. 1
742. 1
743. 0
744. 3
745. 3
746. 2
747. 2
748. 1
749. 1
750. 1
751. 2
752. 2
753. 2
754. 1
755. 2
756. 0
757. 3
758. 1
759. 2
760. 1
761. 0
762. 1
763. 1
764. 3
765. 1
766. 2
767. 3
768. 1
769. 1
770. 2
771. 1
772. 0
773. 3
774. 2
775. 1
776. 2
777. 0
778. 1
779. 1
780. 2
781. 1
782. 3
783. 2
784. 0
785. 2
786. 1
787. 2
788. 2
789. 2
790. 2
791. 1
792. 2
793. 2
794. 1
795. 1
796. 2
797. 2
798. 1
799. 0
800. 2
801. 2
802. 1
803. 2
804. 0
805. 3
806. 1
807. 2
808. 2
809. 0
810. 1
811. 1
812. 3
813. 2
814. 3
815. 1
816. 1
817. 1
818. 1
819. 1
820. 2
821. 1
822. 1
823. 1
824. 0
825. 1
826. 3
827. 2
828. 3
829. 1
830. 1
831. 1
832. 1
833. 1
834. 3
835. 3
836. 1
837. 1
838. 1
839. 3
840. 1
841. 3
842. 1
843. 2
844. 2
845. 1
846. 2
847. 1
848. 1
849. 1
850. 2
851. 1
852. 2
853. 2
854. 2
855. 2
856. 2
857. 1
858. 3
859. 2
860. 1
861. 2
862. 1
863. 1
864. 2
865. 1
866. 2
867. 1
868. 2
869. 2
870. 0
871. 3
872. 1
873. 3
874. 2
875. 2
876. 1
877. 1
878. 2
879. 1
880. 1
881. 3
882. 2
883. 1
884. 2
885. 0
886. 1
887. 1
888. 1
889. 1
890. 1
891. 0
892. 1
893. 0
894. 2
895. 2
896. 4
897. 1
898. 0
899. 1
900. 1
901. 1
902. 3
903. 3
904. 1
905. 0
906. 0
907. 2
908. 1
909. 2
910. 1
911. 2
912. 2
913. 0
914. 1
915. 2
916. 2
917. 2
918. 1
919. 2
920. 0
921. 2
922. 1
923. 1
924. 2
925. 2
926. 1
927. 2
928. 1
929. 2
930. 2
931. 1
932. 2
933. 0
934. 4
935. 2
936. 2
937. 2
938. 0
939. 3
940. 1
941. 3
942. 1
943. 3
944. 1
945. 1
946. 2
947. 1
948. 2
949. 2
950. 2
951. 1
952. 1
953. 2
954. 1
955. 3
956. 1
957. 2
958. 2
959. 1
960. 1
961. 0
962. 2
963. 3
964. 2
965. 1
966. 2
967. 0
968. 2
969. 1
970. 3
971. 1
972. 2
973. 1
974. 0
975. 3
976. 0
977. 2
978. 2
979. 1
980. 1
981. 1
982. 1
983. 2
984. 2
985. 2
986. 1
987. 2
988. 1
989. 2
990. 1
991. 2
992. 2
993. 1
994. 0
995. 2
996. 2
997. 2
998. 2
999. 0
1000. 2
1001. 1
1002. 2
1003. 1
1004. 3
1005. 1
1006. 1
1007. 2
1008. 0
1009. 1
1010. 2
1011. 3
1012. 1
1013. 1
1014. 1
1015. 2
1016. 1
1017. 2
1018. 1
1019. 1
1020. 1
1021. 2
1022. 0
1023. 1
1024. 2
1025. 3
1026. 2
1027. 1
1028. 1
1029. 1
1030. 2
1031. 3
1032. 1
1033. 2
1034. 2
1035. 0
1036. 2
1037. 1
1038. 2
1039. 2
1040. 1
1041. 2
1042. 1
1043. 1
1044. 1
1045. 3
1046. 2
1047. 0
1048. 3
1049. 1
1050. 1
1051. 1
1052. 1
1053. 2
1054. 1
1055. 1
1056. 1
1057. 2
1058. 1
1059. 3
1060. 1
1061. 1
1062. 1
1063. 2
1064. 2
1065. 2
1066. 2
1067. 1
1068. 1
1069. 1
1070. 1
1071. 1
1072. 3
1073. 2
1074. 1
1075. 1
1076. 1
1077. 2
1078. 1
1079. 2
1080. 2
1081. 0
1082. 2
1083. 2
1084. 3
1085. 1
1086. 2
1087. 2
1088. 1
1089. 1
1090. 1
1091. 2
1092. 2
1093. 2
1094. 2
1095. 2
1096. 0
1097. 2
1098. 2
1099. 3
1100. 2
1101. 2
1102. 1
1103. 0
1104. 2
1105. 1
1106. 2
1107. 1
1108. 0
1109. 4
1110. 1
1111. 1
1112. 1
1113. 2
1114. 2
1115. 1
1116. 3
1117. 1
1118. 2
1119. 2
1120. 1
1121. 2
1122. 1
1123. 0
1124. 2
1125. 2
1126. 1
1127. 2
1128. 1
1129. 2
1130. 1
1131. 1
1132. 2
1133. 3
1134. 1
1135. 1
1136. 0
1137. 1
1138. 3
1139. 2
1140. 3
1141. 2
1142. 0
1143. 1
1144. 1
1145. 1
1146. 0
1147. 2
1148. 2
1149. 0
1150. 1
1151. 0
1152. 2
1153. 3
1154. 3
1155. 2
1156. 2
1157. 0
1158. 1
1159. 2
1160. 2
1161. 1
1162. 3
1163. 1
1164. 0
1165. 1
1166. 1
1167. 2
1168. 2
1169. 1
1170. 2
1171. 1
1172. 2
1173. 1
1174. 2
1175. 2
1176. 1
1177. 3
1178. 0
1179. 1
1180. 1
1181. 2
1182. 2
1183. 1
1184. 2
1185. 2
1186. 2
1187. 1
1188. 2
1189. 1
1190. 2
1191. 0
1192. 1
1193. 2
1194. 2
1195. 1
1196. 2
1197. 2
1198. 2
1199. 0
1200. 2
1201. 3
1202. 1
1203. 1
1204. 1
1205. 1
1206. 2
1207. 1
1208. 2
1209. 2
1210. 0
1211. 2
1212. 0
1213. 2
1214. 1
1215. 3
1216. 2
1217. 0
1218. 0
1219. 1
1220. 3
1221. 2
1222. 2
1223. 3
1224. 1
1225. 0
1226. 1
1227. 1
1228. 2
1229. 3
1230. 2
1231. 1
1232. 1
1233. 0
1234. 3
1235. 2
1236. 2
1237. 0
1238. 3
1239. 1
1240. 1
1241. 1
1242. 2
1243. 2
1244. 1
1245. 2
1246. 2
1247. 3
1248. 0
1249. 2
1250. 1
1251. 1
1252. 1
1253. 3
1254. 2
1255. 1
1256. 1
1257. 2
1258. 2
1259. 1
1260. 1
1261. 4
1262. 2
1263. 1
1264. 2
1265. 1
1266. 2
1267. 2
1268. 2
1269. 3
1270. 2
1271. 0
1272. 3
1273. 1
1274. 1
1275. 0
1276. 2
1277. 1
1278. 0
1279. 3
1280. 0
1281. 2
1282. 2
1283. 3
1284. 2
1285. 1
1286. 1
1287. 1
1288. 1
1289. 2
1290. 2
1291. 3
1292. 1
1293. 0
1294. 0
1295. 2
1296. 1
1297. 2
1298. 1
1299. 2
1300. 1
1301. 1
1302. 2
1303. 2
1304. 3
1305. 1
1306. 1
1307. 1
1308. 2
1309. 0
1310. 2
1311. 3
1312. 1
1313. 0
1314. 2
1315. 1
1316. 1
1317. 3
1318. 2
1319. 1
1320. 2
1321. 1
1322. 2
1323. 2
1324. 1
1325. 2
1326. 1
1327. 1
1328. 2
1329. 4
1330. 2
1331. 1
1332. 1
1333. 2
1334. 1
1335. 2
1336. 1
1337. 3
1338. 2
1339. 0
1340. 2
1341. 0
1342. 3
1343. 2
1344. 2
1345. 2
1346. 1
1347. 2
1348. 1
1349. 3
1350. 1
1351. 2
1352. 3
1353. 1
1354. 2
1355. 1
1356. 1
1357. 2
1358. 2
1359. 2
1360. 2
1361. 0
1362. 0
1363. 3
1364. 1
1365. 1
1366. 1
1367. 3
1368. 1
1369. 0
1370. 1
1371. 3
1372. 2
1373. 1
1374. 1
1375. 2
1376. 2
1377. 0
1378. 2
1379. 1
1380. 1
1381. 0
1382. 1
1383. 3
1384. 1
1385. 2
1386. 3
1387. 1
1388. 1
1389. 0
1390. 3
1391. 2
1392. 2
1393. 2
1394. 0
1395. 1
1396. 1
1397. 1
1398. 2
1399. 3
1400. 1
1401. 2
1402. 0
1403. 1
1404. 1
1405. 2
1406. 1
1407. 0
1408. 1
1409. 1
1410. 2
1411. 1
1412. 2
1413. 3
1414. 1
1415. 1
1416. 2
1417. 1
1418. 1
1419. 3
1420. 2
1421. 1
1422. 1
1423. 1
1424. 2
1425. 2
1426. 2
1427. 1
1428. 3
1429. 2
1430. 0
1431. 3
1432. 1
1433. 2
1434. 2
1435. 2
1436. 2
1437. 1
1438. 1
1439. 2
1440. 1
1441. 1
1442. 3
1443. 2
1444. 1
1445. 1
1446. 2
1447. 2
1448. 1
1449. 2
1450. 0
1451. 3
1452. 1
1453. 2
1454. 2
1455. 0
1456. 2
1457. 1
1458. 2
1459. 2
1460. 2
1461. 1
1462. 1
1463. 1
1464. 1
1465. 2
1466. 2
1467. 1
1468. 1
1469. 1
1470. 0
1471. 1
1472. 2
1473. 2
1474. 3
1475. 1
1476. 0
1477. 1
1478. 1
1479. 2
1480. 3
1481. 4
1482. 1
1483. 1
1484. 0
1485. 2
1486. 1
1487. 3
1488. 1
1489. 2
1490. 2
1491. 1
1492. 3
1493. 1
1494. 1
1495. 1
1496. 2
1497. 1
1498. 2
1499. 1
1500. 2
1501. 2
1502. 2
1503. 1
1504. 2
1505. 2
1506. 2
1507. 2
1508. 1
1509. 1
1510. 2
1511. 1
1512. 3
1513. 1
1514. 2
1515. 2
1516. 0
1517. 3
1518. 1
1519. 3
1520. 1
1521. 2
1522. 1
1523. 1
1524. 3
1525. 1
1526. 1
1527. 2
1528. 2
1529. 1
1530. 2
1531. 0
1532. 1
1533. 1
1534. 1
1535. 1
1536. 1
1537. 1
1538. 1
1539. 1
1540. 2
1541. 2
1542. 3
1543. 1
1544. 0
1545. 1
1546. 2
1547. 1
1548. 3
1549. 3
1550. 1
1551. 0

viola:

1. 5
2. 5
3. 3
4. 4
5. 4
6. 4
7. 3
8. 4
9. 5
10. 4
11. 3
12. 2
13. 4
14. 3
15. 4
16. 3
17. 5
18. 3
19. 3
20. 4
21. 4
22. 2
23. 3
24. 5
25. 2
26. 4
27. 4
28. 3
29. 3
30. 3
31. 3
32. 4
33. 3
34. 4
35. 4
36. 3
37. 3
38. 3
39. 4
40. 4
41. 3
42. 3
43. 3
44. 4
45. 2
46. 3
47. 5
48. 2
49. 5
50. 3
51. 4
52. 3
53. 3
54. 4
55. 3
56. 4
57. 3
58. 3
59. 3
60. 2
61. 4
62. 4
63. 4
64. 4
65. 3
66. 3
67. 3
68. 3
69. 4
70. 5
71. 3
72. 4
73. 4
74. 4
75. 3
76. 4
77. 4
78. 4
79. 2
80. 2
81. 4
82. 5
83. 3
84. 3
85. 5
86. 3
87. 3
88. 4
89. 5
90. 4
91. 3
92. 3
93. 3
94. 2
95. 4
96. 3
97. 5
98. 2
99. 3
100. 4
101. 3
102. 4
103. 4
104. 5
105. 2
106. 3
107. 3
108. 4
109. 3
110. 5
111. 3
112. 4
113. 3
114. 4
115. 5
116. 4
117. 4
118. 2
119. 3
120. 3
121. 2
122. 4
123. 3
124. 4
125. 3
126. 4
127. 2
128. 3
129. 4
130. 3
131. 5
132. 3
133. 4
134. 3
135. 4
136. 2
137. 3
138. 5
139. 4
140. 4
141. 3
142. 3
143. 3
144. 4
145. 4
146. 4
147. 3
148. 4
149. 4
150. 3
151. 3
152. 4
153. 5
154. 3
155. 3
156. 4
157. 4
158. 5
159. 3
160. 4
161. 3
162. 2
163. 5
164. 4
165. 4
166. 3
167. 3
168. 2
169. 4
170. 4
171. 4
172. 4
173. 3
174. 3
175. 4
176. 4
177. 3
178. 5
179. 4
180. 3
181. 3
182. 3
183. 4
184. 4
185. 4
186. 2
187. 4
188. 2
189. 2
190. 4
191. 4
192. 4
193. 3
194. 4
195. 2
196. 4
197. 3
198. 3
199. 4
200. 3
201. 3
202. 4
203. 4
204. 3
205. 3
206. 4
207. 3
208. 3
209. 3
210. 3
211. 4
212. 2
213. 4
214. 4
215. 3
216. 4
217. 4
218. 3
219. 4
220. 3
221. 3
222. 3
223. 3
224. 5
225. 3
226. 4
227. 2
228. 4
229. 3
230. 4
231. 4
232. 3
233. 4
234. 4
235. 2
236. 3
237. 4
238. 4
239. 5
240. 4
241. 3
242. 4
243. 3
244. 4
245. 5
246. 4
247. 4
248. 3
249. 3
250. 1
251. 4
252. 5
253. 4
254. 4
255. 5
256. 2
257. 2
258. 4
259. 4
260. 5
261. 3
262. 5
263. 3
264. 3
265. 3
266. 3
267. 4
268. 3
269. 3
270. 3
271. 3
272. 4
273. 3
274. 5
275. 4
276. 4
277. 4
278. 3
279. 3
280. 4
281. 3
282. 3
283. 3
284. 3
285. 4
286. 4
287. 5
288. 3
289. 4
290. 3
291. 3
292. 5
293. 2
294. 4
295. 3
296. 4
297. 2
298. 4
299. 4
300. 3
301. 4
302. 3
303. 2
304. 3
305. 4
306. 4
307. 4
308. 4
309. 3
310. 4
311. 3
312. 3
313. 4
314. 4
315. 5
316. 3
317. 2
318. 3
319. 4
320. 4
321. 5
322. 2
323. 4
324. 2
325. 3
326. 3
327. 4
328. 5
329. 3
330. 5
331. 3
332. 3
333. 4
334. 4
335. 4
336. 4
337. 2
338. 3
339. 3
340. 3
341. 3
342. 4
343. 4
344. 4
345. 4
346. 3
347. 4
348. 5
349. 1
350. 3
351. 3
352. 3
353. 5
354. 3
355. 4
356. 2
357. 4
358. 2
359. 4
360. 4
361. 3
362. 5
363. 4
364. 4
365. 2
366. 4
367. 4
368. 3
369. 4
370. 3
371. 4
372. 4
373. 4
374. 4
375. 3
376. 5
377. 3
378. 3
379. 2
380. 3
381. 4
382. 4
383. 4
384. 4
385. 2
386. 4
387. 3
388. 4
389. 5
390. 3
391. 5
392. 3
393. 3
394. 4
395. 3
396. 4
397. 4
398. 4
399. 2
400. 3
401. 5
402. 3
403. 4
404. 3
405. 4
406. 3
407. 3
408. 4
409. 4
410. 4
411. 4
412. 4
413. 2
414. 4
415. 4
416. 4
417. 3
418. 2
419. 3
420. 3
421. 4
422. 3
423. 4
424. 4
425. 3
426. 2
427. 4
428. 4
429. 4
430. 3
431. 2
432. 4
433. 3
434. 3
435. 5
436. 3
437. 3
438. 3
439. 4
440. 3
441. 3
442. 4
443. 4
444. 4
445. 2
446. 3
447. 3
448. 3
449. 3
450. 4
451. 3
452. 4
453. 2
454. 3
455. 3
456. 4
457. 5
458. 4
459. 4
460. 3
461. 4
462. 5
463. 1
464. 4
465. 4
466. 3
467. 3
468. 3
469. 4
470. 3
471. 4
472. 3
473. 4
474. 4
475. 3
476. 4
477. 5
478. 3
479. 3
480. 4
481. 3
482. 4
483. 4
484. 4
485. 5
486. 3
487. 2
488. 3
489. 4
490. 5
491. 4
492. 3
493. 3
494. 2
495. 3
496. 5
497. 4
498. 4
499. 4
500. 4
501. 3
502. 3
503. 5
504. 3
505. 5
506. 3
507. 3
508. 3
509. 3
510. 3
511. 5
512. 3
513. 2
514. 3
515. 4
516. 2
517. 4
518. 5
519. 3
520. 4
521. 3
522. 3
523. 4
524. 3
525. 4
526. 3
527. 5
528. 3
529. 3
530. 4
531. 1
532. 4
533. 3
534. 5
535. 3
536. 3
537. 4
538. 3
539. 3
540. 4
541. 4
542. 3
543. 4
544. 3
545. 5
546. 4
547. 2
548. 3
549. 4
550. 3
551. 3
552. 4
553. 5
554. 2
555. 2
556. 4
557. 4
558. 4
559. 4
560. 3
561. 4
562. 3
563. 3
564. 5
565. 4
566. 5
567. 2
568. 4
569. 2
570. 2
571. 5
572. 5
573. 4
574. 3
575. 3
576. 3
577. 2
578. 4
579. 5
580. 4
581. 3
582. 3
583. 2
584. 3
585. 3
586. 4
587. 5
588. 3
589. 3
590. 4
591. 5
592. 2
593. 4
594. 2
595. 4
596. 3
597. 3
598. 4
599. 3
600. 3
601. 3
602. 5
603. 3
604. 4
605. 4
606. 4
607. 2
608. 3
609. 3
610. 4
611. 3
612. 3
613. 3
614. 5
615. 3
616. 3
617. 4
618. 3
619. 4
620. 3
621. 4
622. 3
623. 2
624. 3
625. 5
626. 2
627. 4
628. 4
629. 4
630. 3
631. 4
632. 5
633. 3
634. 5
635. 3
636. 4
637. 2
638. 3
639. 4
640. 4
641. 4
642. 4
643. 3
644. 3
645. 2
646. 5
647. 5
648. 5
649. 4
650. 4
651. 4
652. 4
653. 3
654. 4
655. 5
656. 3
657. 3
658. 2
659. 4
660. 4
661. 4
662. 3
663. 4
664. 3
665. 2
666. 4
667. 4
668. 3
669. 4
670. 5
671. 2
672. 4
673. 4
674. 3
675. 3
676. 4
677. 3
678. 4
679. 3
680. 4
681. 4
682. 3
683. 2
684. 3
685. 4
686. 4
687. 3
688. 4
689. 3
690. 3
691. 2
692. 3
693. 5
694. 2
695. 5
696. 2
697. 4
698. 3
699. 3
700. 4
701. 3
702. 4
703. 3
704. 4
705. 3
706. 2
707. 4
708. 3
709. 4
710. 4
711. 2
712. 3
713. 3
714. 3
715. 4
716. 5
717. 3
718. 4
719. 4
720. 4
721. 2
722. 4
723. 5
724. 4
725. 2
726. 3
727. 4
728. 5
729. 3
730. 2
731. 5
732. 3
733. 3
734. 4
735. 5
736. 4
737. 3
738. 4
739. 3
740. 2
741. 4
742. 4
743. 5
744. 2
745. 2
746. 3
747. 3
748. 4
749. 4
750. 4
751. 3
752. 3
753. 3
754. 4
755. 3
756. 5
757. 2
758. 4
759. 3
760. 4
761. 5
762. 4
763. 4
764. 2
765. 4
766. 3
767. 2
768. 4
769. 4
770. 3
771. 4
772. 5
773. 2
774. 3
775. 4
776. 3
777. 5
778. 4
779. 4
780. 3
781. 4
782. 2
783. 3
784. 5
785. 3
786. 4
787. 3
788. 3
789. 3
790. 3
791. 4
792. 3
793. 3
794. 4
795. 4
796. 3
797. 3
798. 4
799. 5
800. 3
801. 3
802. 4
803. 3
804. 5
805. 2
806. 4
807. 3
808. 3
809. 5
810. 4
811. 4
812. 2
813. 3
814. 2
815. 4
816. 4
817. 4
818. 4
819. 4
820. 3
821. 4
822. 4
823. 4
824. 5
825. 4
826. 2
827. 3
828. 2
829. 4
830. 4
831. 4
832. 4
833. 4
834. 2
835. 2
836. 4
837. 4
838. 4
839. 2
840. 4
841. 2
842. 4
843. 3
844. 3
845. 4
846. 3
847. 4
848. 4
849. 4
850. 3
851. 4
852. 3
853. 3
854. 3
855. 3
856. 3
857. 4
858. 2
859. 3
860. 4
861. 3
862. 4
863. 4
864. 3
865. 4
866. 3
867. 4
868. 3
869. 3
870. 5
871. 2
872. 4
873. 2
874. 3
875. 3
876. 4
877. 4
878. 3
879. 4
880. 4
881. 2
882. 3
883. 4
884. 3
885. 5
886. 4
887. 4
888. 4
889. 4
890. 4
891. 5
892. 4
893. 5
894. 3
895. 3
896. 1
897. 4
898. 5
899. 4
900. 4
901. 4
902. 2
903. 2
904. 4
905. 5
906. 5
907. 3
908. 4
909. 3
910. 4
911. 3
912. 3
913. 5
914. 4
915. 3
916. 3
917. 3
918. 4
919. 3
920. 5
921. 3
922. 4
923. 4
924. 3
925. 3
926. 4
927. 3
928. 4
929. 3
930. 3
931. 4
932. 3
933. 5
934. 1
935. 3
936. 3
937. 3
938. 5
939. 2
940. 4
941. 2
942. 4
943. 2
944. 4
945. 4
946. 3
947. 4
948. 3
949. 3
950. 3
951. 4
952. 4
953. 3
954. 4
955. 2
956. 4
957. 3
958. 3
959. 4
960. 4
961. 5
962. 3
963. 2
964. 3
965. 4
966. 3
967. 5
968. 3
969. 4
970. 2
971. 4
972. 3
973. 4
974. 5
975. 2
976. 5
977. 3
978. 3
979. 4
980. 4
981. 4
982. 4
983. 3
984. 3
985. 3
986. 4
987. 3
988. 4
989. 3
990. 4
991. 3
992. 3
993. 4
994. 5
995. 3
996. 3
997. 3
998. 3
999. 5
1000. 3
1001. 4
1002. 3
1003. 4
1004. 2
1005. 4
1006. 4
1007. 3
1008. 5
1009. 4
1010. 3
1011. 2
1012. 4
1013. 4
1014. 4
1015. 3
1016. 4
1017. 3
1018. 4
1019. 4
1020. 4
1021. 3
1022. 5
1023. 4
1024. 3
1025. 2
1026. 3
1027. 4
1028. 4
1029. 4
1030. 3
1031. 2
1032. 4
1033. 3
1034. 3
1035. 5
1036. 3
1037. 4
1038. 3
1039. 3
1040. 4
1041. 3
1042. 4
1043. 4
1044. 4
1045. 2
1046. 3
1047. 5
1048. 2
1049. 4
1050. 4
1051. 4
1052. 4
1053. 3
1054. 4
1055. 4
1056. 4
1057. 3
1058. 4
1059. 2
1060. 4
1061. 4
1062. 4
1063. 3
1064. 3
1065. 3
1066. 3
1067. 4
1068. 4
1069. 4
1070. 4
1071. 4
1072. 2
1073. 3
1074. 4
1075. 4
1076. 4
1077. 3
1078. 4
1079. 3
1080. 3
1081. 5
1082. 3
1083. 3
1084. 2
1085. 4
1086. 3
1087. 3
1088. 4
1089. 4
1090. 4
1091. 3
1092. 3
1093. 3
1094. 3
1095. 3
1096. 5
1097. 3
1098. 3
1099. 2
1100. 3
1101. 3
1102. 4
1103. 5
1104. 3
1105. 4
1106. 3
1107. 4
1108. 5
1109. 1
1110. 4
1111. 4
1112. 4
1113. 3
1114. 3
1115. 4
1116. 2
1117. 4
1118. 3
1119. 3
1120. 4
1121. 3
1122. 4
1123. 5
1124. 3
1125. 3
1126. 4
1127. 3
1128. 4
1129. 3
1130. 4
1131. 4
1132. 3
1133. 2
1134. 4
1135. 4
1136. 5
1137. 4
1138. 2
1139. 3
1140. 2
1141. 3
1142. 5
1143. 4
1144. 4
1145. 4
1146. 5
1147. 3
1148. 3
1149. 5
1150. 4
1151. 5
1152. 3
1153. 2
1154. 2
1155. 3
1156. 3
1157. 5
1158. 4
1159. 3
1160. 3
1161. 4
1162. 2
1163. 4
1164. 5
1165. 4
1166. 4
1167. 3
1168. 3
1169. 4
1170. 3
1171. 4
1172. 3
1173. 4
1174. 3
1175. 3
1176. 4
1177. 2
1178. 5
1179. 4
1180. 4
1181. 3
1182. 3
1183. 4
1184. 3
1185. 3
1186. 3
1187. 4
1188. 3
1189. 4
1190. 3
1191. 5
1192. 4
1193. 3
1194. 3
1195. 4
1196. 3
1197. 3
1198. 3
1199. 5
1200. 3
1201. 2
1202. 4
1203. 4
1204. 4
1205. 4
1206. 3
1207. 4
1208. 3
1209. 3
1210. 5
1211. 3
1212. 5
1213. 3
1214. 4
1215. 2
1216. 3
1217. 5
1218. 5
1219. 4
1220. 2
1221. 3
1222. 3
1223. 2
1224. 4
1225. 5
1226. 4
1227. 4
1228. 3
1229. 2
1230. 3
1231. 4
1232. 4
1233. 5
1234. 2
1235. 3
1236. 3
1237. 5
1238. 2
1239. 4
1240. 4
1241. 4
1242. 3
1243. 3
1244. 4
1245. 3
1246. 3
1247. 2
1248. 5
1249. 3
1250. 4
1251. 4
1252. 4
1253. 2
1254. 3
1255. 4
1256. 4
1257. 3
1258. 3
1259. 4
1260. 4
1261. 1
1262. 3
1263. 4
1264. 3
1265. 4
1266. 3
1267. 3
1268. 3
1269. 2
1270. 3
1271. 5
1272. 2
1273. 4
1274. 4
1275. 5
1276. 3
1277. 4
1278. 5
1279. 2
1280. 5
1281. 3
1282. 3
1283. 2
1284. 3
1285. 4
1286. 4
1287. 4
1288. 4
1289. 3
1290. 3
1291. 2
1292. 4
1293. 5
1294. 5
1295. 3
1296. 4
1297. 3
1298. 4
1299. 3
1300. 4
1301. 4
1302. 3
1303. 3
1304. 2
1305. 4
1306. 4
1307. 4
1308. 3
1309. 5
1310. 3
1311. 2
1312. 4
1313. 5
1314. 3
1315. 4
1316. 4
1317. 2
1318. 3
1319. 4
1320. 3
1321. 4
1322. 3
1323. 3
1324. 4
1325. 3
1326. 4
1327. 4
1328. 3
1329. 1
1330. 3
1331. 4
1332. 4
1333. 3
1334. 4
1335. 3
1336. 4
1337. 2
1338. 3
1339. 5
1340. 3
1341. 5
1342. 2
1343. 3
1344. 3
1345. 3
1346. 4
1347. 3
1348. 4
1349. 2
1350. 4
1351. 3
1352. 2
1353. 4
1354. 3
1355. 4
1356. 4
1357. 3
1358. 3
1359. 3
1360. 3
1361. 5
1362. 5
1363. 2
1364. 4
1365. 4
1366. 4
1367. 2
1368. 4
1369. 5
1370. 4
1371. 2
1372. 3
1373. 4
1374. 4
1375. 3
1376. 3
1377. 5
1378. 3
1379. 4
1380. 4
1381. 5
1382. 4
1383. 2
1384. 4
1385. 3
1386. 2
1387. 4
1388. 4
1389. 5
1390. 2
1391. 3
1392. 3
1393. 3
1394. 5
1395. 4
1396. 4
1397. 4
1398. 3
1399. 2
1400. 4
1401. 3
1402. 5
1403. 4
1404. 4
1405. 3
1406. 4
1407. 5
1408. 4
1409. 4
1410. 3
1411. 4
1412. 3
1413. 2
1414. 4
1415. 4
1416. 3
1417. 4
1418. 4
1419. 2
1420. 3
1421. 4
1422. 4
1423. 4
1424. 3
1425. 3
1426. 3
1427. 4
1428. 2
1429. 3
1430. 5
1431. 2
1432. 4
1433. 3
1434. 3
1435. 3
1436. 3
1437. 4
1438. 4
1439. 3
1440. 4
1441. 4
1442. 2
1443. 3
1444. 4
1445. 4
1446. 3
1447. 3
1448. 4
1449. 3
1450. 5
1451. 2
1452. 4
1453. 3
1454. 3
1455. 5
1456. 3
1457. 4
1458. 3
1459. 3
1460. 3
1461. 4
1462. 4
1463. 4
1464. 4
1465. 3
1466. 3
1467. 4
1468. 4
1469. 4
1470. 5
1471. 4
1472. 3
1473. 3
1474. 2
1475. 4
1476. 5
1477. 4
1478. 4
1479. 3
1480. 2
1481. 1
1482. 4
1483. 4
1484. 5
1485. 3
1486. 4
1487. 2
1488. 4
1489. 3
1490. 3
1491. 4
1492. 2
1493. 4
1494. 4
1495. 4
1496. 3
1497. 4
1498. 3
1499. 4
1500. 3
1501. 3
1502. 3
1503. 4
1504. 3
1505. 3
1506. 3
1507. 3
1508. 4
1509. 4
1510. 3
1511. 4
1512. 2
1513. 4
1514. 3
1515. 3
1516. 5
1517. 2
1518. 4
1519. 2
1520. 4
1521. 3
1522. 4
1523. 4
1524. 2
1525. 4
1526. 4
1527. 3
1528. 3
1529. 4
1530. 3
1531. 5
1532. 4
1533. 4
1534. 4
1535. 4
1536. 4
1537. 4
1538. 4
1539. 4
1540. 3
1541. 3
1542. 2
1543. 4
1544. 5
1545. 4
1546. 3
1547. 4
1548. 2
1549. 2
1550. 4
1551. 2

cello:

1. 2
2. 2
3. 3
4. 2
5. 3
6. 0
7. 1
8. 2
9. 3
10. 3
11. 0
12. 1
13. 2
14. 2
15. 3
16. 2
17. 2
18. 3
19. 2
20. 2
21. 2
22. 2
23. 2
24. 3
25. 1
26. 2
27. 1
28. 3
29. 3
30. 1
31. 2
32. 2
33. 1
34. 4
35. 1
36. 1
37. 3
38. 0
39. 4
40. 0
41. 2
42. 2
43. 2
44. 3
45. 1
46. 3
47. 1
48. 3
49. 1
50. 3
51. 2
52. 2
53. 4
54. 0
55. 2
56. 2
57. 2
58. 3
59. 0
60. 2
61. 2
62. 2
63. 4
64. 1
65. 2
66. 3
67. 1
68. 3
69. 1
70. 3
71. 3
72. 2
73. 1
74. 2
75. 1
76. 2
77. 4
78. 1
79. 1
80. 1
81. 1
82. 4
83. 0
84. 3
85. 3
86. 1
87. 3
88. 0
89. 1
90. 3
91. 2
92. 2
93. 0
94. 2
95. 1
96. 4
97. 2
98. 2
99. 2
100. 2
101. 3
102. 1
103. 2
104. 1
105. 2
106. 3
107. 1
108. 1
109. 3
110. 1
111. 4
112. 2
113. 3
114. 4
115. 1
116. 4
117. 0
118. 3
119. 1
120. 2
121. 2
122. 1
123. 2
124. 2
125. 3
126. 1
127. 1
128. 2
129. 1
130. 3
131. 1
132. 2
133. 2
134. 1
135. 3
136. 1
137. 1
138. 3
139. 2
140. 2
141. 1
142. 2
143. 2
144. 3
145. 3
146. 2
147. 2
148. 2
149. 3
150. 2
151. 1
152. 4
153. 2
154. 3
155. 1
156. 1
157. 3
158. 1
159. 3
160. 1
161. 1
162. 2
163. 1
164. 3
165. 1
166. 3
167. 2
168. 2
169. 1
170. 1
171. 2
172. 2
173. 4
174. 1
175. 1
176. 1
177. 2
178. 4
179. 2
180. 2
181. 1
182. 1
183. 3
184. 2
185. 1
186. 2
187. 2
188. 2
189. 1
190. 2
191. 3
192. 2
193. 2
194. 2
195. 1
196. 2
197. 3
198. 2
199. 1
200. 2
201. 1
202. 3
203. 1
204. 2
205. 2
206. 1
207. 4
208. 0
209. 2
210. 2
211. 2
212. 2
213. 2
214. 3
215. 2
216. 3
217. 1
218. 1
219. 1
220. 3
221. 3
222. 0
223. 2
224. 1
225. 3
226. 4
227. 1
228. 2
229. 2
230. 1
231. 3
232. 2
233. 2
234. 3
235. 2
236. 3
237. 0
238. 2
239. 2
240. 3
241. 3
242. 2
243. 2
244. 2
245. 3
246. 1
247. 3
248. 2
249. 1
250. 3
251. 0
252. 2
253. 2
254. 2
255. 3
256. 0
257. 1
258. 2
259. 2
260. 3
261. 1
262. 3
263. 2
264. 3
265. 1
266. 3
267. 1
268. 1
269. 4
270. 1
271. 1
272. 2
273. 2
274. 3
275. 2
276. 2
277. 3
278. 0
279. 4
280. 1
281. 2
282. 1
283. 1
284. 3
285. 0
286. 3
287. 1
288. 3
289. 2
290. 1
291. 2
292. 1
293. 4
294. 1
295. 2
296. 2
297. 1
298. 4
299. 0
300. 2
301. 3
302. 1
303. 4
304. 1
305. 1
306. 3
307. 2
308. 3
309. 2
310. 2
311. 3
312. 2
313. 2
314. 2
315. 3
316. 2
317. 3
318. 1
319. 1
320. 2
321. 1
322. 4
323. 1
324. 1
325. 2
326. 0
327. 4
328. 1
329. 2
330. 3
331. 2
332. 3
333. 0
334. 3
335. 2
336. 3
337. 1
338. 1
339. 1
340. 2
341. 4
342. 1
343. 3
344. 1
345. 1
346. 3
347. 0
348. 2
349. 2
350. 1
351. 3
352. 1
353. 1
354. 4
355. 1
356. 3
357. 1
358. 2
359. 2
360. 2
361. 3
362. 1
363. 2
364. 1
365. 3
366. 1
367. 1
368. 2
369. 2
370. 2
371. 2
372. 3
373. 1
374. 1
375. 3
376. 1
377. 3
378. 2
379. 2
380. 2
381. 1
382. 2
383. 3
384. 2
385. 1
386. 2
387. 1
388. 2
389. 3
390. 2
391. 2
392. 2
393. 2
394. 3
395. 2
396. 2
397. 3
398. 1
399. 3
400. 1
401. 1
402. 3
403. 2
404. 2
405. 2
406. 2
407. 1
408. 2
409. 2
410. 2
411. 4
412. 1
413. 3
414. 0
415. 1
416. 2
417. 3
418. 3
419. 0
420. 1
421. 2
422. 2
423. 3
424. 2
425. 2
426. 2
427. 2
428. 2
429. 2
430. 2
431. 1
432. 3
433. 0
434. 2
435. 1
436. 3
437. 3
438. 1
439. 2
440. 3
441. 1
442. 4
443. 1
444. 1
445. 3
446. 0
447. 4
448. 0
449. 2
450. 2
451. 2
452. 3
453. 0
454. 3
455. 1
456. 3
457. 1
458. 3
459. 2
460. 2
461. 3
462. 0
463. 2
464. 2
465. 2
466. 3
467. 0
468. 2
469. 2
470. 2
471. 4
472. 1
473. 2
474. 4
475. 1
476. 2
477. 1
478. 3
479. 3
480. 2
481. 2
482. 1
483. 1
484. 2
485. 4
486. 1
487. 1
488. 1
489. 1
490. 4
491. 0
492. 3
493. 3
494. 0
495. 3
496. 0
497. 2
498. 3
499. 3
500. 2
501. 2
502. 3
503. 1
504. 4
505. 2
506. 2
507. 2
508. 2
509. 3
510. 1
511. 2
512. 1
513. 2
514. 3
515. 1
516. 1
517. 2
518. 1
519. 4
520. 1
521. 2
522. 3
523. 1
524. 4
525. 0
526. 3
527. 1
528. 2
529. 2
530. 1
531. 2
532. 2
533. 3
534. 1
535. 2
536. 2
537. 1
538. 4
539. 1
540. 1
541. 3
542. 1
543. 3
544. 1
545. 1
546. 3
547. 2
548. 2
549. 1
550. 2
551. 2
552. 3
553. 3
554. 2
555. 1
556. 2
557. 3
558. 2
559. 1
560. 3
561. 2
562. 2
563. 1
564. 1
565. 3
566. 1
567. 3
568. 1
569. 2
570. 2
571. 1
572. 3
573. 1
574. 3
575. 2
576. 2
577. 1
578. 1
579. 2
580. 2
581. 4
582. 0
583. 1
584. 1
585. 2
586. 4
587. 2
588. 2
589. 1
590. 2
591. 3
592. 2
593. 1
594. 2
595. 2
596. 2
597. 1
598. 2
599. 3
600. 2
601. 2
602. 2
603. 2
604. 2
605. 3
606. 1
607. 1
608. 2
609. 1
610. 4
611. 0
612. 2
613. 2
614. 1
615. 4
616. 0
617. 2
618. 2
619. 2
620. 2
621. 2
622. 3
623. 1
624. 3
625. 1
626. 2
627. 1
628. 4
629. 3
630. 2
631. 1
632. 1
633. 3
634. 4
635. 1
636. 2
637. 2
638. 1
639. 3
640. 2
641. 2
642. 3
643. 2
644. 3
645. 0
646. 1
647. 2
648. 3
649. 2
650. 2
651. 1
652. 1
653. 3
654. 1
655. 3
656. 2
657. 1
658. 3
659. 0
660. 2
661. 2
662. 2
663. 3
664. 1
665. 1
666. 2
667. 3
668. 3
669. 2
670. 3
671. 1
672. 3
673. 1
674. 3
675. 1
676. 1
677. 4
678. 1
679. 1
680. 2
681. 2
682. 3
683. 2
684. 1
685. 3
686. 0
687. 4
688. 1
689. 2
690. 2
691. 2
692. 3
693. 0
694. 3
695. 1
696. 3
697. 2
698. 2
699. 2
700. 1
701. 4
702. 1
703. 2
704. 2
705. 1
706. 4
707. 0
708. 2
709. 3
710. 1
711. 3
712. 1
713. 1
714. 3
715. 2
716. 3
717. 2
718. 2
719. 3
720. 3
721. 2
722. 2
723. 3
724. 2
725. 3
726. 1
727. 1
728. 2
729. 1
730. 4
731. 1
732. 2
733. 2
734. 0
735. 3
736. 1
737. 2
738. 3
739. 1
740. 2
741. 0
742. 3
743. 2
744. 3
745. 1
746. 1
747. 1
748. 2
749. 4
750. 1
751. 3
752. 1
753. 2
754. 3
755. 1
756. 2
757. 2
758. 2
759. 3
760. 2
761. 1
762. 4
763. 1
764. 3
765. 1
766. 2
767. 2
768. 2
769. 3
770. 1
771. 2
772. 1
773. 3
774. 1
775. 1
776. 1
777. 2
778. 3
779. 2
780. 2
781. 2
782. 1
783. 3
784. 1
785. 3
786. 2
787. 2
788. 2
789. 1
790. 2
791. 3
792. 2
793. 2
794. 2
795. 1
796. 3
797. 3
798. 3
799. 2
800. 1
801. 2
802. 3
803. 2
804. 2
805. 3
806. 1
807. 3
808. 1
809. 1
810. 3
811. 2
812. 2
813. 1
814. 2
815. 1
816. 2
817. 2
818. 2
819. 3
820. 2
821. 3
822. 0
823. 1
824. 2
825. 3
826. 3
827. 1
828. 1
829. 2
830. 2
831. 3
832. 2
833. 2
834. 2
835. 2
836. 2
837. 2
838. 2
839. 1
840. 3
841. 1
842. 2
843. 1
844. 3
845. 3
846. 1
847. 2
848. 3
849. 2
850. 4
851. 1
852. 1
853. 3
854. 0
855. 4
856. 0
857. 2
858. 2
859. 2
860. 3
861. 1
862. 3
863. 1
864. 2
865. 1
866. 3
867. 2
868. 1
869. 4
870. 0
871. 2
872. 2
873. 2
874. 3
875. 0
876. 2
877. 2
878. 2
879. 4
880. 1
881. 2
882. 3
883. 1
884. 3
885. 1
886. 3
887. 4
888. 1
889. 1
890. 2
891. 1
892. 2
893. 4
894. 1
895. 1
896. 1
897. 1
898. 4
899. 0
900. 3
901. 3
902. 0
903. 3
904. 0
905. 1
906. 3
907. 2
908. 2
909. 1
910. 2
911. 1
912. 4
913. 2
914. 2
915. 2
916. 2
917. 3
918. 1
919. 2
920. 1
921. 2
922. 2
923. 1
924. 1
925. 3
926. 1
927. 4
928. 2
929. 1
930. 3
931. 1
932. 4
933. 0
934. 3
935. 1
936. 2
937. 2
938. 1
939. 2
940. 2
941. 3
942. 1
943. 1
944. 2
945. 1
946. 4
947. 1
948. 2
949. 2
950. 1
951. 3
952. 1
953. 1
954. 3
955. 2
956. 2
957. 2
958. 2
959. 2
960. 3
961. 3
962. 2
963. 1
964. 2
965. 3
966. 2
967. 1
968. 3
969. 2
970. 3
971. 1
972. 1
973. 3
974. 1
975. 3
976. 1
977. 2
978. 3
979. 1
980. 3
981. 1
982. 3
983. 2
984. 2
985. 1
986. 1
987. 2
988. 2
989. 4
990. 0
991. 2
992. 1
993. 1
994. 4
995. 2
996. 2
997. 2
998. 1
999. 3
1000. 2
1001. 1
1002. 2
1003. 2
1004. 2
1005. 1
1006. 2
1007. 3
1008. 2
1009. 2
1010. 2
1011. 1
1012. 2
1013. 3
1014. 2
1015. 1
1016. 1
1017. 2
1018. 3
1019. 1
1020. 2
1021. 2
1022. 1
1023. 4
1024. 0
1025. 2
1026. 2
1027. 2
1028. 2
1029. 2
1030. 3
1031. 1
1032. 3
1033. 1
1034. 1
1035. 1
1036. 3
1037. 3
1038. 1
1039. 2
1040. 1
1041. 3
1042. 4
1043. 1
1044. 2
1045. 2
1046. 1
1047. 3
1048. 2
1049. 2
1050. 3
1051. 1
1052. 3
1053. 0
1054. 2
1055. 2
1056. 3
1057. 3
1058. 1
1059. 1
1060. 1
1061. 3
1062. 1
1063. 3
1064. 2
1065. 1
1066. 3
1067. 0
1068. 2
1069. 2
1070. 2
1071. 3
1072. 0
1073. 1
1074. 2
1075. 3
1076. 3
1077. 1
1078. 3
1079. 2
1080. 3
1081. 1
1082. 3
1083. 1
1084. 1
1085. 4
1086. 2
1087. 1
1088. 2
1089. 2
1090. 3
1091. 2
1092. 1
1093. 3
1094. 0
1095. 4
1096. 1
1097. 2
1098. 2
1099. 1
1100. 3
1101. 0
1102. 3
1103. 1
1104. 3
1105. 2
1106. 2
1107. 1
1108. 1
1109. 4
1110. 1
1111. 2
1112. 2
1113. 1
1114. 4
1115. 0
1116. 2
1117. 3
1118. 1
1119. 3
1120. 2
1121. 1
1122. 2
1123. 2
1124. 3
1125. 2
1126. 2
1127. 2
1128. 2
1129. 2
1130. 2
1131. 3
1132. 2
1133. 3
1134. 1
1135. 1
1136. 2
1137. 1
1138. 4
1139. 1
1140. 1
1141. 2
1142. 0
1143. 4
1144. 1
1145. 3
1146. 3
1147. 3
1148. 3
1149. 0
1150. 3
1151. 2
1152. 3
1153. 1
1154. 1
1155. 1
1156. 2
1157. 4
1158. 1
1159. 3
1160. 1
1161. 2
1162. 3
1163. 0
1164. 2
1165. 2
1166. 1
1167. 2
1168. 1
1169. 1
1170. 4
1171. 1
1172. 3
1173. 1
1174. 2
1175. 2
1176. 2
1177. 3
1178. 1
1179. 2
1180. 1
1181. 4
1182. 1
1183. 1
1184. 2
1185. 2
1186. 2
1187. 1
1188. 2
1189. 2
1190. 1
1191. 3
1192. 1
1193. 3
1194. 2
1195. 2
1196. 2
1197. 1
1198. 2
1199. 3
1200. 2
1201. 1
1202. 2
1203. 1
1204. 3
1205. 3
1206. 2
1207. 2
1208. 2
1209. 2
1210. 3
1211. 2
1212. 2
1213. 3
1214. 1
1215. 2
1216. 1
1217. 1
1218. 3
1219. 2
1220. 2
1221. 1
1222. 2
1223. 1
1224. 2
1225. 2
1226. 2
1227. 3
1228. 1
1229. 3
1230. 0
1231. 1
1232. 2
1233. 3
1234. 3
1235. 1
1236. 2
1237. 2
1238. 2
1239. 3
1240. 2
1241. 2
1242. 2
1243. 2
1244. 2
1245. 2
1246. 2
1247. 1
1248. 3
1249. 2
1250. 2
1251. 1
1252. 2
1253. 3
1254. 1
1255. 2
1256. 2
1257. 1
1258. 4
1259. 1
1260. 1
1261. 3
1262. 0
1263. 4
1264. 0
1265. 2
1266. 2
1267. 2
1268. 3
1269. 0
1270. 3
1271. 1
1272. 3
1273. 1
1274. 2
1275. 2
1276. 1
1277. 3
1278. 0
1279. 2
1280. 2
1281. 2
1282. 3
1283. 0
1284. 2
1285. 2
1286. 2
1287. 4
1288. 1
1289. 2
1290. 3
1291. 1
1292. 2
1293. 1
1294. 3
1295. 3
1296. 1
1297. 2
1298. 1
1299. 1
1300. 2
1301. 4
1302. 1
1303. 1
1304. 1
1305. 1
1306. 4
1307. 0
1308. 3
1309. 3
1310. 1
1311. 3
1312. 0
1313. 2
1314. 3
1315. 3
1316. 2
1317. 0
1318. 2
1319. 1
1320. 4
1321. 2
1322. 2
1323. 2
1324. 2
1325. 3
1326. 1
1327. 2
1328. 1
1329. 2
1330. 3
1331. 1
1332. 1
1333. 3
1334. 1
1335. 4
1336. 1
1337. 2
1338. 3
1339. 1
1340. 4
1341. 0
1342. 3
1343. 1
1344. 1
1345. 2
1346. 1
1347. 2
1348. 2
1349. 3
1350. 1
1351. 1
1352. 2
1353. 1
1354. 4
1355. 1
1356. 2
1357. 3
1358. 1
1359. 3
1360. 1
1361. 1
1362. 3
1363. 2
1364. 2
1365. 2
1366. 1
1367. 2
1368. 3
1369. 3
1370. 2
1371. 1
1372. 2
1373. 3
1374. 2
1375. 1
1376. 3
1377. 2
1378. 2
1379. 1
1380. 1
1381. 2
1382. 1
1383. 3
1384. 1
1385. 1
1386. 2
1387. 1
1388. 3
1389. 1
1390. 3
1391. 2
1392. 2
1393. 1
1394. 1
1395. 2
1396. 2
1397. 4
1398. 0
1399. 1
1400. 1
1401. 2
1402. 4
1403. 2
1404. 3
1405. 2
1406. 2
1407. 3
1408. 2
1409. 1
1410. 2
1411. 2
1412. 2
1413. 1
1414. 2
1415. 3
1416. 2
1417. 2
1418. 2
1419. 1
1420. 2
1421. 3
1422. 1
1423. 1
1424. 2
1425. 2
1426. 4
1427. 0
1428. 2
1429. 2
1430. 1
1431. 4
1432. 0
1433. 2
1434. 2
1435. 2
1436. 2
1437. 2
1438. 3
1439. 0
1440. 3
1441. 1
1442. 2
1443. 1
1444. 4
1445. 3
1446. 0
1447. 2
1448. 1
1449. 3
1450. 4
1451. 1
1452. 2
1453. 2
1454. 1
1455. 3
1456. 2
1457. 2
1458. 3
1459. 2
1460. 3
1461. 0
1462. 2
1463. 2
1464. 3
1465. 2
1466. 2
1467. 1
1468. 1
1469. 3
1470. 1
1471. 3
1472. 2
1473. 2
1474. 3
1475. 0
1476. 2
1477. 2
1478. 2
1479. 3
1480. 0
1481. 1
1482. 2
1483. 3
1484. 3
1485. 1
1486. 3
1487. 1
1488. 3
1489. 1
1490. 3
1491. 1
1492. 1
1493. 4
1494. 2
1495. 2
1496. 2
1497. 2
1498. 3
1499. 2
1500. 1
1501. 3
1502. 0
1503. 4
1504. 1
1505. 2
1506. 2
1507. 0
1508. 3
1509. 0
1510. 2
1511. 1
1512. 3
1513. 2
1514. 1
1515. 2
1516. 1
1517. 4
1518. 1
1519. 2
1520. 2
1521. 1
1522. 4
1523. 0
1524. 2
1525. 3
1526. 1
1527. 3
1528. 1
1529. 1
1530. 3
1531. 2
1532. 3
1533. 3
1534. 3
1535. 3
1536. 3
1537. 2
1538. 2
1539. 3
1540. 2
1541. 3
1542. 1
1543. 1
1544. 2
1545. 1
1546. 4
1547. 1
1548. 1
1549. 2
1550. 0
1551. 1

_______________________________________

time signature system:

1. 2
2. 3
3. 2
4. 2
5. 2
6. 2
7. 3
8. 4
9. 2
10. 3
11. 2
12. 1
13. 3
14. 4
15. 3
16. 3
17. 2
18. 1
19. 2
20. 3
21. 2
22. 2
23. 2
24. 2
25. 3
26. 2
27. 3
28. 3
29. 2
30. 1
31. 3
32. 3
33. 3
34. 2
35. 2
36. 2
37. 2
38. 3
39. 3
40. 2
41. 3
42. 2
43. 1
44. 4
45. 3
46. 2
47. 3
48. 2
49. 2
50. 4
51. 2
52. 3
53. 2
54. 2
55. 2
56. 3
57. 2
58. 3
59. 3
60. 1
61. 3
62. 3
63. 2
64. 2
65. 2
66. 1
67. 3
68. 3
69. 3
70. 2
71. 2
72. 2
73. 3
74. 3
75. 3
76. 3
77. 1
78. 2
79. 2
80. 3
81. 2
82. 3
83. 2
84. 2
85. 2
86. 3
87. 2
88. 2
89. 2
90. 2
91. 3
92. 3
93. 3
94. 2
95. 3
96. 1
97. 3
98. 3
99. 3
100. 3
101. 3
102. 2
103. 2
104. 3
105. 2
106. 2
107. 3
108. 1
109. 3
110. 4
111. 3
112. 3
113. 2
114. 1
115. 3
116. 4
117. 3
118. 3
119. 2
120. 1
121. 2
122. 3
123. 2
124. 3
125. 2
126. 2
127. 3
128. 2
129. 3
130. 3
131. 3
132. 1
133. 3
134. 3
135. 3
136. 2
137. 2
138. 2
139. 1
140. 3
141. 2
142. 1
143. 2
144. 2
145. 1
146. 4
147. 3
148. 2
149. 3
150. 2
151. 2
152. 4
153. 2
154. 3
155. 2
156. 2
157. 2
158. 4
159. 2
160. 3
161. 3
162. 2
163. 3
164. 3
165. 2
166. 2
167. 4
168. 1
169. 3
170. 3
171. 3
172. 2
173. 2
174. 2
175. 3
176. 3
177. 3
178. 3
179. 1
180. 2
181. 2
182. 3
183. 2
184. 2
185. 2
186. 2
187. 2
188. 3
189. 2
190. 1
191. 2
192. 2
193. 2
194. 4
195. 3
196. 2
197. 3
198. 1
199. 3
200. 3
201. 3
202. 3
203. 3
204. 2
205. 2
206. 3
207. 2
208. 2
209. 3
210. 2
211. 3
212. 4
213. 2
214. 3
215. 2
216. 1
217. 3
218. 3
219. 3
220. 3
221. 2
222. 1
223. 2
224. 3
225. 2
226. 3
227. 3
228. 2
229. 3
230. 2
231. 3
232. 3
233. 3
234. 1
235. 3
236. 3
237. 3
238. 2
239. 2
240. 2
241. 2
242. 3
243. 3
244. 2
245. 3
246. 2
247. 1
248. 4
249. 3
250. 2
251. 3
252. 3
253. 1
254. 4
255. 2
256. 3
257. 2
258. 2
259. 2
260. 4
261. 2
262. 3
263. 3
264. 1
265. 3
266. 3
267. 2
268. 2
269. 2
270. 1
271. 3
272. 4
273. 3
274. 2
275. 2
276. 2
277. 3
278. 3
279. 3
280. 3
281. 1
282. 2
283. 2
284. 3
285. 2
286. 3
287. 2
288. 2
289. 2
290. 3
291. 2
292. 2
293. 2
294. 2
295. 2
296. 4
297. 3
298. 2
299. 3
300. 1
301. 2
302. 3
303. 1
304. 2
305. 3
306. 2
307. 2
308. 3
309. 2
310. 2
311. 3
312. 2
313. 3
314. 4
315. 2
316. 3
317. 2
318. 1
319. 3
320. 4
321. 3
322. 3
323. 3
324. 1
325. 2
326. 3
327. 2
328. 2
329. 2
330. 2
331. 3
332. 2
333. 3
334. 3
335. 3
336. 1
337. 3
338. 3
339. 3
340. 2
341. 2
342. 2
343. 2
344. 3
345. 2
346. 2
347. 3
348. 2
349. 1
350. 4
351. 3
352. 3
353. 3
354. 2
355. 2
356. 4
357. 2
358. 3
359. 2
360. 2
361. 2
362. 4
363. 2
364. 3
365. 3
366. 1
367. 3
368. 3
369. 2
370. 2
371. 3
372. 1
373. 3
374. 3
375. 3
376. 2
377. 2
378. 2
379. 2
380. 3
381. 3
382. 3
383. 1
384. 2
385. 2
386. 3
387. 2
388. 2
389. 2
390. 2
391. 2
392. 3
393. 2
394. 2
395. 2
396. 2
397. 2
398. 4
399. 3
400. 2
401. 3
402. 1
403. 3
404. 3
405. 3
406. 3
407. 3
408. 2
409. 2
410. 3
411. 2
412. 2
413. 3
414. 1
415. 2
416. 4
417. 2
418. 3
419. 2
420. 1
421. 3
422. 4
423. 3
424. 3
425. 2
426. 1
427. 2
428. 3
429. 2
430. 3
431. 3
432. 2
433. 3
434. 3
435. 3
436. 3
437. 3
438. 1
439. 3
440. 3
441. 3
442. 2
443. 2
444. 2
445. 2
446. 3
447. 3
448. 2
449. 3
450. 2
451. 1
452. 4
453. 3
454. 2
455. 3
456. 2
457. 2
458. 4
459. 2
460. 3
461. 2
462. 3
463. 2
464. 3
465. 1
466. 4
467. 3
468. 1
469. 3
470. 3
471. 2
472. 2
473. 3
474. 1
475. 3
476. 3
477. 3
478. 2
479. 2
480. 2
481. 3
482. 3
483. 3
484. 3
485. 2
486. 2
487. 2
488. 3
489. 2
490. 2
491. 2
492. 2
493. 2
494. 3
495. 2
496. 2
497. 2
498. 2
499. 2
500. 4
501. 3
502. 2
503. 3
504. 1
505. 3
506. 3
507. 2
508. 3
509. 3
510. 2
511. 2
512. 3
513. 1
514. 2
515. 3
516. 2
517. 3
518. 4
519. 2
520. 3
521. 2
522. 1
523. 3
524. 4
525. 3
526. 3
527. 2
528. 1
529. 2
530. 3
531. 2
532. 3
533. 2
534. 2
535. 3
536. 2
537. 3
538. 3
539. 3
540. 1
541. 4
542. 3
543. 3
544. 2
545. 2
546. 2
547. 2
548. 3
549. 3
550. 1
551. 3
552. 2
553. 1
554. 4
555. 3
556. 2
557. 3
558. 2
559. 2
560. 4
561. 2
562. 3
563. 2
564. 2
565. 2
566. 4
567. 2
568. 3
569. 3
570. 1
571. 3
572. 3
573. 2
574. 2
575. 2
576. 2
577. 3
578. 3
579. 3
580. 2
581. 2
582. 2
583. 3
584. 3
585. 3
586. 3
587. 1
588. 2
589. 2
590. 3
591. 2
592. 2
593. 2
594. 2
595. 3
596. 3
597. 2
598. 2
599. 2
600. 2
601. 2
602. 4
603. 3
604. 2
605. 3
606. 1
607. 3
608. 3
609. 3
610. 3
611. 3
612. 2
613. 2
614. 3
615. 2
616. 2
617. 3
618. 2
619. 3
620. 4
621. 2
622. 3
623. 2
624. 0
625. 3
626. 2
627. 2
628. 3
629. 2
630. 1
631. 2
632. 3
633. 2
634. 3
635. 2
636. 2
637. 3
638. 2
639. 3
640. 3
641. 3
642. 1
643. 3
644. 3
645. 3
646. 3
647. 2
648. 2
649. 2
650. 3
651. 2
652. 2
653. 3
654. 2
655. 1
656. 4
657. 3
658. 2
659. 3
660. 2
661. 2
662. 4
663. 2
664. 3
665. 2
666. 2
667. 2
668. 3
669. 2
670. 3
671. 3
672. 1
673. 3
674. 3
675. 3
676. 2
677. 3
678. 1
679. 3
680. 3
681. 3
682. 2
683. 2
684. 2
685. 3
686. 3
687. 3
688. 3
689. 1
690. 2
691. 2
692. 3
693. 2
694. 3
695. 2
696. 2
697. 2
698. 3
699. 2
700. 2
701. 2
702. 3
703. 2
704. 4
705. 3
706. 2
707. 3
708. 1
709. 3
710. 3
711. 2
712. 3
713. 3
714. 2
715. 2
716. 3
717. 2
718. 2
719. 3
720. 2
721. 3
722. 4
723. 2
724. 3
725. 2
726. 1
727. 3
728. 4
729. 3
730. 3
731. 2
732. 1
733. 2
734. 3
735. 2
736. 3
737. 3
738. 1
739. 3
740. 2
741. 3
742. 3
743. 3
744. 1
745. 3
746. 3
747. 3
748. 2
749. 2
750. 2
751. 2
752. 3
753. 3
754. 1
755. 3
756. 2
757. 2
758. 4
759. 3
760. 2
761. 3
762. 2
763. 2
764. 4
765. 2
766. 3
767. 2
768. 2
769. 2
770. 4
771. 2
772. 3
773. 3
774. 1
775. 3
776. 3
777. 2
778. 2
779. 3
780. 1
781. 3
782. 3
783. 3
784. 2
785. 1
786. 2
787. 2
788. 2
789. 4
790. 3
791. 1
792. 2
793. 2
794. 3
795. 2
796. 3
797. 2
798. 2
799. 2
800. 3
801. 2
802. 2
803. 2
804. 2
805. 2
806. 4
807. 3
808. 3
809. 3
810. 1
811. 3
812. 3
813. 2
814. 3
815. 3
816. 2
817. 2
818. 3
819. 2
820. 2
821. 3
822. 2
823. 3
824. 4
825. 2
826. 3
827. 2
828. 1
829. 3
830. 3
831. 3
832. 3
833. 2
834. 1
835. 2
836. 2
837. 2
838. 3
839. 2
840. 2
841. 3
842. 2
843. 3
844. 3
845. 3
846. 1
847. 3
848. 3
849. 3
850. 2
851. 2
852. 2
853. 2
854. 3
855. 3
856. 2
857. 3
858. 2
859. 1
860. 4
861. 3
862. 2
863. 3
864. 1
865. 2
866. 4
867. 2
868. 3
869. 2
870. 2
871. 2
872. 4
873. 1
874. 3
875. 3
876. 1
877. 3
878. 3
879. 2
880. 2
881. 3
882. 1
883. 3
884. 3
885. 3
886. 2
887. 2
888. 2
889. 3
890. 3
891. 3
892. 3
893. 1
894. 2
895. 2
896. 3
897. 2
898. 2
899. 1
900. 2
901. 2
902. 3
903. 2
904. 2
905. 2
906. 2
907. 2
908. 4
909. 3
910. 2
911. 3
912. 1
913. 3
914. 3
915. 2
916. 3
917. 3
918. 3
919. 2
920. 3
921. 2
922. 2
923. 3
924. 2
925. 3
926. 4
927. 2
928. 3
929. 2
930. 1
931. 3
932. 4
933. 3
934. 3
935. 2
936. 1
937. 2
938. 3
939. 2
940. 3
941. 2
942. 2
943. 3
944. 2
945. 3
946. 3
947. 2
948. 1
949. 3
950. 2
951. 3
952. 2
953. 2
954. 2
955. 2
956. 3
957. 3
958. 2
959. 3
960. 2
961. 1
962. 4
963. 3
964. 2
965. 3
966. 2
967. 2
968. 4
969. 3
970. 3
971. 2
972. 2
973. 2
974. 3
975. 2
976. 3
977. 3
978. 1
979. 3
980. 3
981. 2
982. 2
983. 3
984. 1
985. 3
986. 3
987. 3
988. 2
989. 2
990. 2
991. 2
992. 3
993. 3
994. 3
995. 1
996. 2
997. 2
998. 2
999. 2
1000. 3
1001. 2
1002. 2
1003. 2
1004. 3
1005. 2
1006. 2
1007. 2
1008. 2
1009. 2
1010. 4
1011. 3
1012. 2
1013. 3
1014. 1
1015. 3
1016. 3
1017. 3
1018. 3
1019. 3
1020. 2
1021. 2
1022. 3
1023. 2
1024. 2
1025. 2
1026. 2
1027. 3
1028. 4
1029. 2
1030. 3
1031. 2
1032. 1
1033. 3
1034. 3
1035. 3
1036. 3
1037. 2
1038. 1
1039. 2
1040. 3
1041. 2
1042. 3
1043. 2
1044. 2
1045. 3
1046. 2
1047. 3
1048. 3
1049. 3
1050. 1
1051. 3
1052. 3
1053. 3
1054. 2
1055. 2
1056. 2
1057. 2
1058. 3
1059. 3
1060. 1
1061. 2
1062. 2
1063. 1
1064. 4
1065. 3
1066. 2
1067. 3
1068. 2
1069. 2
1070. 4
1071. 2
1072. 3
1073. 2
1074. 2
1075. 2
1076. 4
1077. 1
1078. 3
1079. 3
1080. 2
1081. 3
1082. 3
1083. 2
1084. 2
1085. 3
1086. 1
1087. 3
1088. 3
1089. 3
1090. 2
1091. 2
1092. 2
1093. 3
1094. 3
1095. 3
1096. 3
1097. 1
1098. 2
1099. 2
1100. 3
1101. 2
1102. 3
1103. 2
1104. 2
1105. 2
1106. 3
1107. 2
1108. 1
1109. 2
1110. 3
1111. 3
1112. 3
1113. 3
1114. 2
1115. 3
1116. 1
1117. 3
1118. 3
1119. 3
1120. 3
1121. 3
1122. 2
1123. 2
1124. 3
1125. 2
1126. 2
1127. 3
1128. 2
1129. 3
1130. 4
1131. 3
1132. 3
1133. 2
1134. 1
1135. 3
1136. 3
1137. 3
1138. 3
1139. 2
1140. 1
1141. 2
1142. 3
1143. 2
1144. 3
1145. 2
1146. 2
1147. 3
1148. 2
1149. 3
1150. 3
1151. 3
1152. 1
1153. 4
1154. 3
1155. 3
1156. 2
1157. 2
1158. 2
1159. 1
1160. 3
1161. 3
1162. 2
1163. 3
1164. 2
1165. 1
1166. 4
1167. 3
1168. 2
1169. 3
1170. 2
1171. 2
1172. 4
1173. 2
1174. 3
1175. 2
1176. 2
1177. 2
1178. 4
1179. 2
1180. 3
1181. 3
1182. 1
1183. 3
1184. 3
1185. 2
1186. 2
1187. 4
1188. 1
1189. 3
1190. 3
1191. 3
1192. 2
1193. 2
1194. 2
1195. 3
1196. 2
1197. 3
1198. 3
1199. 1
1200. 2
1201. 2
1202. 3
1203. 2
1204. 3
1205. 2
1206. 2
1207. 2
1208. 3
1209. 2
1210. 2
1211. 2
1212. 2
1213. 2
1214. 4
1215. 3
1216. 2
1217. 3
1218. 1
1219. 3
1220. 3
1221. 2
1222. 2
1223. 3
1224. 2
1225. 2
1226. 3
1227. 2
1228. 2
1229. 3
1230. 2
1231. 3
1232. 4
1233. 2
1234. 3
1235. 2
1236. 1
1237. 3
1238. 3
1239. 3
1240. 3
1241. 3
1242. 1
1243. 2
1244. 3
1245. 2
1246. 3
1247. 2
1248. 2
1249. 3
1250. 2
1251. 3
1252. 3
1253. 3
1254. 1
1255. 3
1256. 3
1257. 3
1258. 2
1259. 2
1260. 2
1261. 2
1262. 3
1263. 3
1264. 2
1265. 3
1266. 2
1267. 1
1268. 4
1269. 3
1270. 3
1271. 3
1272. 2
1273. 1
1274. 4
1275. 2
1276. 3
1277. 2
1278. 2
1279. 2
1280. 4
1281. 2
1282. 3
1283. 3
1284. 1
1285. 3
1286. 3
1287. 2
1288. 2
1289. 3
1290. 1
1291. 3
1292. 4
1293. 3
1294. 2
1295. 2
1296. 2
1297. 2
1298. 3
1299. 3
1300. 3
1301. 1
1302. 2
1303. 2
1304. 3
1305. 2
1306. 3
1307. 2
1308. 2
1309. 2
1310. 3
1311. 2
1312. 2
1313. 2
1314. 3
1315. 2
1316. 4
1317. 3
1318. 2
1319. 3
1320. 1
1321. 2
1322. 3
1323. 3
1324. 3
1325. 3
1326. 2
1327. 2
1328. 3
1329. 2
1330. 2
1331. 3
1332. 2
1333. 3
1334. 4
1335. 2
1336. 3
1337. 2
1338. 1
1339. 3
1340. 4
1341. 3
1342. 3
1343. 2
1344. 1
1345. 2
1346. 3
1347. 2
1348. 2
1349. 2
1350. 2
1351. 3
1352. 2
1353. 3
1354. 3
1355. 3
1356. 1
1357. 2
1358. 3
1359. 3
1360. 2
1361. 2
1362. 2
1363. 2
1364. 3
1365. 3
1366. 2
1367. 3
1368. 2
1369. 1
1370. 4
1371. 3
1372. 2
1373. 3
1374. 2
1375. 2
1376. 4
1377. 2
1378. 3
1379. 2
1380. 2
1381. 2
1382. 4
1383. 1
1384. 4
1385. 3
1386. 1
1387. 3
1388. 3
1389. 2
1390. 2
1391. 3
1392. 1
1393. 3
1394. 3
1395. 3
1396. 2
1397. 2
1398. 2
1399. 3
1400. 2
1401. 3
1402. 3
1403. 2
1404. 2
1405. 2
1406. 3
1407. 2
1408. 3
1409. 2
1410. 2
1411. 2
1412. 3
1413. 2
1414. 2
1415. 2
1416. 2
1417. 2
1418. 4
1419. 3
1420. 2
1421. 3
1422. 1
1423. 3
1424. 3
1425. 3
1426. 3
1427. 3
1428. 2
1429. 2
1430. 3
1431. 1
1432. 2
1433. 2
1434. 1
1435. 2
1436. 4
1437. 2
1438. 3
1439. 2
1440. 1
1441. 3
1442. 4
1443. 3
1444. 3
1445. 2
1446. 1
1447. 2
1448. 3
1449. 2
1450. 3
1451. 2
1452. 2
1453. 3
1454. 3
1455. 3
1456. 3
1457. 3
1458. 1
1459. 4
1460. 3
1461. 3
1462. 2
1463. 2
1464. 2
1465. 2
1466. 3
1467. 3
1468. 2
1469. 3
1470. 2
1471. 1
1472. 4
1473. 3
1474. 2
1475. 3
1476. 1
1477. 2
1478. 4
1479. 2
1480. 3
1481. 2
1482. 3
1483. 2
1484. 4
1485. 2
1486. 3
1487. 3
1488. 1
1489. 3
1490. 3
1491. 2
1492. 2
1493. 3
1494. 1
1495. 3
1496. 3
1497. 3
1498. 2
1499. 2
1500. 2
1501. 3
1502. 3
1503. 3
1504. 3
1505. 1
1506. 2
1507. 2
1508. 3
1509. 2
1510. 2
1511. 2
1512. 2
1513. 2
1514. 3
1515. 2
1516. 2
1517. 2
1518. 2
1519. 3
1520. 4
1521. 3
1522. 2
1523. 3
1524. 1
1525. 3
1526. 3
1527. 3
1528. 3
1529. 3
1530. 2
1531. 2
1532. 3
1533. 2
1534. 2
1535. 3
1536. 2
1537. 3
1538. 4
1539. 2
1540. 3
1541. 2
1542. 1
1543. 3
1544. 3
1545. 2
1546. 3
1547. 2
1548. 1
1549. 2
1550. 3
1551. 2
1552. 3
1553. 2
1554. 2
1555. 3
1556. 2
1557. 3
1558. 3
1559. 3
1560. 1
1561. 2
1562. 3
1563. 3
1564. 3
1565. 2
1566. 2
1567. 2
1568. 3
1569. 3
1570. 2
1571. 3
1572. 2
1573. 1
1574. 4
1575. 3
1576. 2
1577. 3
1578. 2
1579. 2
1580. 4
1581. 2
1582. 3
1583. 2
1584. 2
1585. 2
1586. 4
1587. 2
1588. 3
1589. 3
1590. 1
1591. 3
1592. 3
1593. 3
1594. 2
1595. 3
1596. 2
1597. 3
1598. 3
1599. 3
1600. 2
1601. 2
1602. 2
1603. 3
1604. 3
1605. 3
1606. 3
1607. 1
1608. 2
1609. 2
1610. 3
1611. 2
1612. 3
1613. 2
1614. 2
1615. 3
1616. 3
1617. 2
1618. 2
1619. 2
1620. 3
1621. 2
1622. 4
1623. 3
1624. 2
1625. 3
1626. 1
1627. 3
1628. 3
1629. 3
1630. 3
1631. 3
1632. 2
1633. 2
1634. 3
1635. 2
1636. 2
1637. 2
1638. 2
1639. 3
1640. 4
1641. 2
1642. 3
1643. 2
1644. 0
1645. 3
1646. 4
1647. 3
1648. 3
1649. 2
1650. 1
1651. 2
1652. 3
1653. 2
1654. 3
1655. 2
1656. 2
1657. 3
1658. 2
1659. 3
1660. 3
1661. 3
1662. 1
1663. 3
1664. 3
1665. 3
1666. 2
1667. 2
1668. 2
1669. 2
1670. 3
1671. 2
1672. 2
1673. 3
1674. 2
1675. 1
1676. 4
1677. 3
1678. 2
1679. 3
1680. 3
1681. 2
1682. 4
1683. 2
1684. 3
1685. 2
1686. 2
1687. 2
1688. 4
1689. 2
1690. 3
1691. 3
1692. 1
1693. 3
1694. 3
1695. 2
1696. 2
1697. 3
1698. 1
1699. 3
1700. 3
1701. 3
1702. 2
1703. 2
1704. 2
1705. 3
1706. 2
1707. 4
1708. 3
1709. 1
1710. 2
1711. 2
1712. 3
1713. 2
1714. 3
1715. 2
1716. 2
1717. 2
1718. 3
1719. 2
1720. 2
1721. 2
1722. 2
1723. 3
1724. 4
1725. 3
1726. 3
1727. 3
1728. 1
1729. 3
1730. 3
1731. 3
1732. 3
1733. 3
1734. 2
1735. 2
1736. 3
1737. 2
1738. 2
1739. 3
1740. 2
1741. 3
1742. 4
1743. 2
1744. 3
1745. 2
1746. 1
1747. 3
1748. 4
1749. 3
1750. 3
1751. 2
1752. 1
1753. 2
1754. 2
1755. 2
1756. 2
1757. 3
1758. 1
1759. 3
1760. 2
1761. 3
1762. 3
1763. 3
1764. 1
1765. 3
1766. 3
1767. 3
1768. 2
1769. 2
1770. 2
1771. 2
1772. 3
1773. 3
1774. 2
1775. 3
1776. 2
1777. 2
1778. 4
1779. 3
1780. 2
1781. 3
1782. 1
1783. 2
1784. 4
1785. 2
1786. 3
1787. 2
1788. 2
1789. 2
1790. 4
1791. 2
1792. 3
1793. 3
1794. 1
1795. 3
1796. 3
1797. 2
1798. 2
1799. 4
1800. 1
1801. 3
1802. 3
1803. 3
1804. 2
1805. 1
1806. 2
1807. 3
1808. 3
1809. 3
1810. 3
1811. 1
1812. 2
1813. 2
1814. 3
1815. 2
1816. 3
1817. 2
1818. 2
1819. 2
1820. 3
1821. 2
1822. 2
1823. 2
1824. 2
1825. 2
1826. 4
1827. 3
1828. 2
1829. 3
1830. 1
1831. 3
1832. 3
1833. 2
1834. 3
1835. 3
1836. 2
1837. 2
1838. 3
1839. 2
1840. 2
1841. 3
1842. 1
1843. 3
1844. 4
1845. 2
1846. 3
1847. 2
1848. 1
1849. 3
1850. 4
1851. 3
1852. 3
1853. 2
1854. 1
1855. 2
1856. 3
1857. 2
1858. 3
1859. 2
1860. 2
1861. 3
1862. 2
1863. 3
1864. 3
1865. 3
1866. 1
1867. 2
1868. 2
1869. 3
1870. 2
1871. 2
1872. 2
1873. 2
1874. 3
1875. 3
1876. 2
1877. 3
1878. 2
1879. 1
1880. 4
1881. 3
1882. 2
1883. 3
1884. 3
1885. 2
1886. 4
1887. 3
1888. 3
1889. 2
1890. 2
1891. 2
1892. 4
1893. 2
1894. 3
1895. 3
1896. 1
1897. 3
1898. 3
1899. 2
1900. 2
1901. 3
1902. 1
1903. 3
1904. 3
1905. 3
1906. 2
1907. 2
1908. 2
1909. 3
1910. 3
1911. 3
1912. 3
1913. 1
1914. 2
1915. 2
1916. 2
1917. 2
1918. 1
1919. 1
1920. 2
1921. 2
1922. 3
1923. 2
1924. 2
1925. 2
1926. 2
1927. 2
1928. 4
1929. 3
1930. 2
1931. 3
1932. 1
1933. 3
1934. 3
1935. 3
1936. 3
1937. 3
1938. 3

tempo system:

1. 4
2. 4
3. 2
4. 4
5. 3
6. 3
7. 3
8. 3
9. 3
10. 3
11. 4
12. 3
13. 4
14. 2
15. 1
16. 3
17. 3
18. 2
19. 3
20. 3
21. 4
22. 3
23. 3
24. 2
25. 3
26. 3
27. 3
28. 2
29. 2
30. 4
31. 2
32. 2
33. 4
34. 2
35. 3
36. 3
37. 1
38. 3
39. 3
40. 3
41. 2
42. 4
43. 2
44. 3
45. 3
46. 2
47. 4
48. 1
49. 3
50. 4
51. 2
52. 3
53. 3
54. 1
55. 4
56. 2
57. 2
58. 3
59. 4
60. 1
61. 4
62. 3
63. 2
64. 4
65. 2
66. 2
67. 3
68. 3
69. 3
70. 3
71. 3
72. 2
73. 2
74. 3
75. 1
76. 3
77. 3
78. 4
79. 3
80. 3
81. 3
82. 1
83. 3
84. 3
85. 2
86. 3
87. 4
88. 3
89. 3
90. 3
91. 3
92. 3
93. 4
94. 2
95. 3
96. 4
97. 2
98. 3
99. 2
100. 1
101. 3
102. 4
103. 3
104. 3
105. 2
106. 4
107. 3
108. 2
109. 3
110. 3
111. 4
112. 4
113. 2
114. 2
115. 3
116. 2
117. 1
118. 4
119. 2
120. 3
121. 4
122. 2
123. 3
124. 2
125. 3
126. 3
127. 3
128. 3
129. 3
130. 4
131. 2
132. 2
133. 1
134. 3
135. 4
136. 2
137. 4
138. 2
139. 3
140. 4
141. 3
142. 3
143. 3
144. 4
145. 3
146. 3
147. 3
148. 2
149. 2
150. 2
151. 1
152. 3
153. 3
154. 3
155. 3
156. 2
157. 3
158. 2
159. 3
160. 2
161. 3
162. 2
163. 4
164. 4
165. 2
166. 4
167. 2
168. 2
169. 4
170. 1
171. 2
172. 4
173. 3
174. 4
175. 3
176. 2
177. 2
178. 4
179. 2
180. 3
181. 3
182. 3
183. 4
184. 2
185. 3
186. 3
187. 2
188. 4
189. 2
190. 3
191. 4
192. 3
193. 2
194. 3
195. 3
196. 3
197. 4
198. 3
199. 3
200. 3
201. 2
202. 2
203. 3
204. 4
205. 3
206. 3
207. 3
208. 2
209. 2
210. 2
211. 3
212. 3
213. 4
214. 3
215. 3
216. 3
217. 2
218. 2
219. 3
220. 4
221. 3
222. 3
223. 4
224. 2
225. 3
226. 3
227. 2
228. 2
229. 4
230. 3
231. 3
232. 3
233. 1
234. 3
235. 2
236. 2
237. 3
238. 2
239. 4
240. 3
241. 2
242. 4
243. 2
244. 2
245. 3
246. 2
247. 2
248. 4
249. 3
250. 2
251. 3
252. 2
253. 3
254. 4
255. 2
256. 2
257. 3
258. 2
259. 4
260. 2
261. 3
262. 2
263. 3
264. 2
265. 2
266. 3
267. 3
268. 4
269. 2
270. 3
271. 3
272. 3
273. 3
274. 3
275. 2
276. 2
277. 3
278. 3
279. 2
280. 4
281. 2
282. 3
283. 4
284. 1
285. 3
286. 2
287. 3
288. 3
289. 3
290. 3
291. 3
292. 3
293. 3
294. 2
295. 2
296. 3
297. 4
298. 3
299. 4
300. 3
301. 2
302. 4
303. 2
304. 2
305. 4
306. 4
307. 3
308. 4
309. 2
310. 3
311. 3
312. 1
313. 2
314. 3
315. 4
316. 4
317. 3
318. 3
319. 4
320. 1
321. 2
322. 2
323. 3
324. 4
325. 4
326. 2
327. 4
328. 3
329. 2
330. 3
331. 3
332. 2
333. 3
334. 3
335. 2
336. 3
337. 2
338. 2
339. 3
340. 3
341. 2
342. 4
343. 3
344. 4
345. 3
346. 3
347. 2
348. 3
349. 3
350. 3
351. 2
352. 3
353. 3
354. 2
355. 2
356. 4
357. 2
358. 4
359. 4
360. 2
361. 3
362. 3
363. 3
364. 2
365. 4
366. 1
367. 3
368. 4
369. 2
370. 3
371. 1
372. 3
373. 4
374. 2
375. 3
376. 3
377. 2
378. 3
379. 2
380. 2
381. 3
382. 4
383. 2
384. 4
385. 3
386. 2
387. 4
388. 2
389. 2
390. 3
391. 3
392. 4
393. 3
394. 3
395. 3
396. 2
397. 3
398. 1
399. 3
400. 4
401. 4
402. 3
403. 2
404. 3
405. 1
406. 2
407. 3
408. 3
409. 3
410. 4
411. 3
412. 3
413. 3
414. 2
415. 3
416. 4
417. 2
418. 3
419. 4
420. 3
421. 2
422. 2
423. 1
424. 3
425. 3
426. 3
427. 3
428. 2
429. 4
430. 3
431. 3
432. 3
433. 3
434. 3
435. 4
436. 1
437. 1
438. 4
439. 2
440. 2
441. 4
442. 2
443. 3
444. 3
445. 2
446. 3
447. 2
448. 3
449. 3
450. 3
451. 3
452. 3
453. 4
454. 3
455. 3
456. 1
457. 3
458. 4
459. 2
460. 3
461. 3
462. 2
463. 4
464. 3
465. 3
466. 3
467. 4
468. 2
469. 3
470. 4
471. 2
472. 3
473. 2
474. 1
475. 3
476. 3
477. 3
478. 3
479. 3
480. 4
481. 2
482. 3
483. 2
484. 3
485. 3
486. 4
487. 4
488. 2
489. 4
490. 2
491. 2
492. 4
493. 1
494. 3
495. 4
496. 3
497. 3
498. 3
499. 2
500. 2
501. 4
502. 3
503. 3
504. 3
505. 2
506. 4
507. 2
508. 2
509. 3
510. 3
511. 4
512. 2
513. 3
514. 4
515. 3
516. 1
517. 3
518. 3
519. 3
520. 4
521. 3
522. 2
523. 2
524. 2
525. 2
526. 3
527. 3
528. 3
529. 3
530. 3
531. 2
532. 2
533. 3
534. 3
535. 3
536. 3
537. 3
538. 2
539. 2
540. 3
541. 2
542. 2
543. 4
544. 3
545. 3
546. 3
547. 2
548. 3
549. 3
550. 2
551. 2
552. 4
553. 3
554. 3
555. 3
556. 2
557. 2
558. 2
559. 2
560. 3
561. 2
562. 3
563. 4
564. 1
565. 4
566. 2
567. 2
568. 3
569. 2
570. 3
571. 4
572. 4
573. 2
574. 4
575. 2
576. 3
577. 4
578. 2
579. 2
580. 3
581. 3
582. 3
583. 2
584. 3
585. 2
586. 3
587. 3
588. 2
589. 3
590. 3
591. 4
592. 2
593. 3
594. 3
595. 3
596. 4
597. 3
598. 2
599. 3
600. 3
601. 3
602. 2
603. 4
604. 3
605. 3
606. 4
607. 2
608. 3
609. 2
610. 2
611. 3
612. 4
613. 3
614. 3
615. 3
616. 3
617. 2
618. 1
619. 3
620. 4
621. 3
622. 4
623. 3
624. 3
625. 3
626. 2
627. 2
628. 4
629. 3
630. 3
631. 4
632. 2
633. 3
634. 3
635. 2
636. 2
637. 3
638. 3
639. 4
640. 2
641. 2
642. 3
643. 1
644. 3
645. 2
646. 3
647. 4
648. 3
649. 2
650. 4
651. 3
652. 2
653. 3
654. 3
655. 2
656. 3
657. 3
658. 3
659. 4
660. 2
661. 2
662. 3
663. 3
664. 1
665. 3
666. 2
667. 4
668. 3
669. 3
670. 2
671. 3
672. 2
673. 3
674. 3
675. 3
676. 4
677. 2
678. 2
679. 4
680. 2
681. 4
682. 4
683. 1
684. 2
685. 3
686. 3
687. 2
688. 4
689. 2
690. 3
691. 4
692. 2
693. 3
694. 1
695. 3
696. 4
697. 2
698. 4
699. 3
700. 2
701. 4
702. 2
703. 2
704. 3
705. 4
706. 3
707. 4
708. 3
709. 1
710. 4
711. 2
712. 1
713. 3
714. 4
715. 4
716. 3
717. 3
718. 3
719. 2
720. 2
721. 1
722. 3
723. 4
724. 4
725. 3
726. 3
727. 2
728. 1
729. 2
730. 3
731. 2
732. 3
733. 4
734. 3
735. 3
736. 3
737. 3
738. 3
739. 4
740. 1
741. 3
742. 3
743. 2
744. 3
745. 2
746. 2
747. 3
748. 3
749. 3
750. 2
751. 2
752. 4
753. 3
754. 3
755. 3
756. 3
757. 3
758. 4
759. 1
760. 2
761. 3
762. 2
763. 2
764. 4
765. 2
766. 2
767. 4
768. 3
769. 3
770. 2
771. 3
772. 3
773. 3
774. 2
775. 3
776. 3
777. 3
778. 2
779. 1
780. 3
781. 4
782. 2
783. 3
784. 3
785. 3
786. 3
787. 3
788. 3
789. 3
790. 4
791. 3
792. 3
793. 4
794. 2
795. 3
796. 2
797. 1
798. 3
799. 3
800. 4
801. 3
802. 3
803. 3
804. 2
805. 3
806. 2
807. 3
808. 4
809. 4
810. 4
811. 3
812. 4
813. 2
814. 3
815. 4
816. 2
817. 3
818. 4
819. 3
820. 3
821. 3
822. 1
823. 2
824. 4
825. 3
826. 3
827. 3
828. 3
829. 3
830. 2
831. 2
832. 3
833. 2
834. 4
835. 2
836. 3
837. 4
838. 3
839. 2
840. 3
841. 3
842. 2
843. 4
844. 2
845. 3
846. 3
847. 2
848. 3
849. 3
850. 3
851. 3
852. 2
853. 3
854. 2
855. 2
856. 3
857. 3
858. 3
859. 3
860. 3
861. 2
862. 3
863. 2
864. 2
865. 2
866. 4
867. 3
868. 2
869. 4
870. 1
871. 3
872. 3
873. 2
874. 2
875. 4
876. 2
877. 3
878. 4
879. 2
880. 3
881. 2
882. 2
883. 3
884. 2
885. 3
886. 4
887. 2
888. 3
889. 2
890. 2
891. 3
892. 2
893. 2
894. 4
895. 4
896. 2
897. 4
898. 2
899. 3
900. 4
901. 2
902. 3
903. 3
904. 3
905. 4
906. 2
907. 3
908. 2
909. 3
910. 4
911. 2
912. 3
913. 2
914. 4
915. 2
916. 2
917. 3
918. 4
919. 4
920. 3
921. 2
922. 3
923. 3
924. 2
925. 2
926. 4
927. 3
928. 3
929. 4
930. 1
931. 2
932. 2
933. 2
934. 3
935. 3
936. 3
937. 3
938. 3
939. 3
940. 2
941. 2
942. 3
943. 4
944. 2
945. 4
946. 2
947. 2
948. 4
949. 2
950. 3
951. 4
952. 3
953. 3
954. 3
955. 2
956. 3
957. 3
958. 2
959. 2
960. 3
961. 3
962. 4
963. 2
964. 3
965. 4
966. 1
967. 3
968. 2
969. 3
970. 3
971. 4
972. 3
973. 4
974. 3
975. 2
976. 3
977. 3
978. 1
979. 3
980. 4
981. 3
982. 3
983. 2
984. 2
985. 3
986. 3
987. 1
988. 3
989. 3
990. 3
991. 3
992. 3
993. 2
994. 3
995. 3
996. 3
997. 3
998. 3
999. 4
1000. 2
1001. 2
1002. 4
1003. 2
1004. 3
1005. 4
1006. 1
1007. 3
1008. 3
1009. 3
1010. 2
1011. 4
1012. 3
1013. 3
1014. 4
1015. 1
1016. 3
1017. 1
1018. 2
1019. 4
1020. 3
1021. 4
1022. 3
1023. 2
1024. 4
1025. 2
1026. 3
1027. 3
1028. 4
1029. 3
1030. 4
1031. 3
1032. 2
1033. 3
1034. 2
1035. 1
1036. 3
1037. 3
1038. 4
1039. 3
1040. 3
1041. 3
1042. 2
1043. 3
1044. 1
1045. 3
1046. 3
1047. 4
1048. 2
1049. 2
1050. 3
1051. 1
1052. 3
1053. 3
1054. 2
1055. 3
1056. 3
1057. 3
1058. 3
1059. 3
1060. 3
1061. 3
1062. 4
1063. 1
1064. 3
1065. 3
1066. 3
1067. 2
1068. 2
1069. 2
1070. 3
1071. 3
1072. 2
1073. 3
1074. 1
1075. 4
1076. 3
1077. 3
1078. 3
1079. 3
1080. 2
1081. 4
1082. 2
1083. 2
1084. 4
1085. 2
1086. 2
1087. 4
1088. 2
1089. 2
1090. 4
1091. 2
1092. 2
1093. 2
1094. 3
1095. 3
1096. 3
1097. 3
1098. 3
1099. 3
1100. 3
1101. 2
1102. 1
1103. 3
1104. 4
1105. 2
1106. 4
1107. 3
1108. 3
1109. 4
1110. 3
1111. 3
1112. 3
1113. 4
1114. 4
1115. 3
1116. 4
1117. 3
1118. 3
1119. 2
1120. 0
1121. 3
1122. 4
1123. 4
1124. 3
1125. 3
1126. 3
1127. 2
1128. 2
1129. 2
1130. 3
1131. 4
1132. 4
1133. 4
1134. 2
1135. 3
1136. 2
1137. 3
1138. 4
1139. 1
1140. 3
1141. 4
1142. 3
1143. 3
1144. 3
1145. 2
1146. 2
1147. 4
1148. 2
1149. 3
1150. 4
1151. 2
1152. 4
1153. 2
1154. 3
1155. 3
1156. 2
1157. 4
1158. 1
1159. 3
1160. 4
1161. 3
1162. 2
1163. 3
1164. 3
1165. 2
1166. 4
1167. 2
1168. 2
1169. 2
1170. 2
1171. 3
1172. 3
1173. 3
1174. 2
1175. 3
1176. 2
1177. 2
1178. 2
1179. 3
1180. 3
1181. 3
1182. 2
1183. 3
1184. 3
1185. 3
1186. 3
1187. 2
1188. 2
1189. 4
1190. 3
1191. 2
1192. 4
1193. 2
1194. 2
1195. 3
1196. 2
1197. 2
1198. 4
1199. 3
1200. 3
1201. 4
1202. 2
1203. 3
1204. 2
1205. 2
1206. 3
1207. 2
1208. 4
1209. 4
1210. 2
1211. 4
1212. 2
1213. 2
1214. 3
1215. 2
1216. 3
1217. 4
1218. 4
1219. 1
1220. 4
1221. 2
1222. 2
1223. 4
1224. 3
1225. 3
1226. 3
1227. 3
1228. 4
1229. 2
1230. 2
1231. 2
1232. 3
1233. 4
1234. 2
1235. 3
1236. 3
1237. 3
1238. 2
1239. 2
1240. 3
1241. 3
1242. 4
1243. 3
1244. 2
1245. 3
1246. 3
1247. 3
1248. 2
1249. 4
1250. 2
1251. 3
1252. 3
1253. 2
1254. 3
1255. 2
1256. 3
1257. 3
1258. 3
1259. 3
1260. 4
1261. 3
1262. 3
1263. 2
1264. 2
1265. 3
1266. 4
1267. 2
1268. 4
1269. 2
1270. 3
1271. 3
1272. 2
1273. 3
1274. 4
1275. 3
1276. 2
1277. 4
1278. 3
1279. 3
1280. 3
1281. 2
1282. 2
1283. 3
1284. 2
1285. 4
1286. 3
1287. 3
1288. 3
1289. 1
1290. 3
1291. 2
1292. 3
1293. 3
1294. 4
1295. 2
1296. 3
1297. 3
1298. 2
1299. 3
1300. 3
1301. 2
1302. 3
1303. 4
1304. 3
1305. 3
1306. 2
1307. 2
1308. 3
1309. 3
1310. 2
1311. 3
1312. 3
1313. 4
1314. 3
1315. 3
1316. 2
1317. 3
1318. 4
1319. 3
1320. 3
1321. 2
1322. 4
1323. 2
1324. 1
1325. 4
1326. 3
1327. 3
1328. 4
1329. 1
1330. 3
1331. 3
1332. 2
1333. 2
1334. 4
1335. 3
1336. 3
1337. 4
1338. 2
1339. 4
1340. 1
1341. 2
1342. 4
1343. 2
1344. 4
1345. 3
1346. 2
1347. 4
1348. 2
1349. 2
1350. 3
1351. 4
1352. 2
1353. 4
1354. 2
1355. 1
1356. 4
1357. 2
1358. 2
1359. 3
1360. 3
1361. 4
1362. 2
1363. 3
1364. 3
1365. 2
1366. 3
1367. 1
1368. 3
1369. 3
1370. 4
1371. 2
1372. 3
1373. 2
1374. 1
1375. 3
1376. 3
1377. 2
1378. 4
1379. 4
1380. 2
1381. 3
1382. 3
1383. 3
1384. 3
1385. 4
1386. 0
1387. 3
1388. 4
1389. 3
1390. 3
1391. 2
1392. 2
1393. 3
1394. 3
1395. 2
1396. 3
1397. 2
1398. 3
1399. 3
1400. 3
1401. 3
1402. 3
1403. 3
1404. 4
1405. 2
1406. 2
1407. 4
1408. 2
1409. 2
1410. 4
1411. 2
1412. 3
1413. 4
1414. 2
1415. 3
1416. 2
1417. 3
1418. 3
1419. 3
1420. 4
1421. 3
1422. 3
1423. 2
1424. 2
1425. 1
1426. 2
1427. 4
1428. 3
1429. 4
1430. 3
1431. 3
1432. 4
1433. 3
1434. 2
1435. 3
1436. 4
1437. 4
1438. 3
1439. 4
1440. 2
1441. 2
1442. 2
1443. 0
1444. 3
1445. 3
1446. 4
1447. 3
1448. 3
1449. 3
1450. 2
1451. 3
1452. 2
1453. 3
1454. 3
1455. 4
1456. 3
1457. 3
1458. 4
1459. 2
1460. 2
1461. 4
1462. 1
1463. 3
1464. 3
1465. 3
1466. 3
1467. 3
1468. 2
1469. 2
1470. 4
1471. 2
1472. 3
1473. 4
1474. 3
1475. 3
1476. 2
1477. 3
1478. 3
1479. 2
1480. 3
1481. 2
1482. 2
1483. 4
1484. 3
1485. 2
1486. 3
1487. 3
1488. 3
1489. 4
1490. 3
1491. 2
1492. 3
1493. 2
1494. 3
1495. 3
1496. 3
1497. 2
1498. 3
1499. 3
1500. 3
1501. 2
1502. 3
1503. 3
1504. 3
1505. 3
1506. 3
1507. 3
1508. 3
1509. 3
1510. 2
1511. 2
1512. 4
1513. 3
1514. 3
1515. 4
1516. 2
1517. 3
1518. 3
1519. 2
1520. 2
1521. 4
1522. 4
1523. 3
1524. 4
1525. 1
1526. 3
1527. 2
1528. 1
1529. 3
1530. 3
1531. 4
1532. 4
1533. 2
1534. 4
1535. 2
1536. 1
1537. 3
1538. 2
1539. 3
1540. 4
1541. 4
1542. 2
1543. 3
1544. 2
1545. 2
1546. 4
1547. 2
1548. 3
1549. 3
1550. 3
1551. 4
1552. 2
1553. 3
1554. 2
1555. 3
1556. 3
1557. 2
1558. 2
1559. 2
1560. 4
1561. 2
1562. 3
1563. 3
1564. 3
1565. 4
1566. 2
1567. 2
1568. 3
1569. 3
1570. 3
1571. 2
1572. 4
1573. 2
1574. 3
1575. 3
1576. 1
1577. 2
1578. 2
1579. 3
1580. 3
1581. 3
1582. 2
1583. 3
1584. 2
1585. 3
1586. 2
1587. 2
1588. 3
1589. 4
1590. 1
1591. 4
1592. 3
1593. 3
1594. 4
1595. 2
1596. 3
1597. 4
1598. 3
1599. 2
1600. 4
1601. 2
1602. 2
1603. 3
1604. 2
1605. 2
1606. 3
1607. 3
1608. 4
1609. 3
1610. 3
1611. 3
1612. 1
1613. 3
1614. 2
1615. 3
1616. 4
1617. 4
1618. 2
1619. 4
1620. 3
1621. 2
1622. 3
1623. 3
1624. 3
1625. 3
1626. 4
1627. 2
1628. 3
1629. 2
1630. 1
1631. 3
1632. 4
1633. 2
1634. 3
1635. 3
1636. 4
1637. 3
1638. 2
1639. 2
1640. 3
1641. 4
1642. 3
1643. 3
1644. 3
1645. 3
1646. 2
1647. 1
1648. 4
1649. 2
1650. 3
1651. 4
1652. 1
1653. 3
1654. 3
1655. 3
1656. 2
1657. 4
1658. 2
1659. 3
1660. 3
1661. 1
1662. 3
1663. 1
1664. 3
1665. 4
1666. 2
1667. 4
1668. 2
1669. 2
1670. 4
1671. 2
1672. 2
1673. 3
1674. 4
1675. 2
1676. 4
1677. 2
1678. 2
1679. 3
1680. 2
1681. 2
1682. 3
1683. 3
1684. 3
1685. 3
1686. 2
1687. 3
1688. 2
1689. 3
1690. 1
1691. 3
1692. 2
1693. 4
1694. 3
1695. 3
1696. 3
1697. 1
1698. 3
1699. 3
1700. 2
1701. 4
1702. 4
1703. 3
1704. 2
1705. 3
1706. 3
1707. 3
1708. 4
1709. 1
1710. 3
1711. 4
1712. 3
1713. 3
1714. 2
1715. 2
1716. 3
1717. 3
1718. 3
1719. 3
1720. 2
1721. 4
1722. 3
1723. 3
1724. 3
1725. 3
1726. 4
1727. 4
1728. 2
1729. 1
1730. 4
1731. 2
1732. 1
1733. 4
1734. 3
1735. 3
1736. 4
1737. 2
1738. 3
1739. 2
1740. 2
1741. 3
1742. 3
1743. 4
1744. 3
1745. 3
1746. 3
1747. 3
1748. 1
1749. 2
1750. 4
1751. 2
1752. 4
1753. 3
1754. 3
1755. 4
1756. 3
1757. 3
1758. 3
1759. 4
1760. 3
1761. 3
1762. 3
1763. 3
1764. 3
1765. 2
1766. 1
1767. 3
1768. 3
1769. 4
1770. 2
1771. 3
1772. 3
1773. 2
1774. 3
1775. 2
1776. 3
1777. 3
1778. 4
1779. 3
1780. 2
1781. 3
1782. 2
1783. 2
1784. 4
1785. 1
1786. 2
1787. 4
1788. 2
1789. 3
1790. 3
1791. 2
1792. 2
1793. 4
1794. 1
1795. 3
1796. 3
1797. 3
1798. 4
1799. 2
1800. 3
1801. 3
1802. 2
1803. 3
1804. 2
1805. 3
1806. 3
1807. 3
1808. 2
1809. 3
1810. 3
1811. 2
1812. 4
1813. 3
1814. 2
1815. 3
1816. 2
1817. 3
1818. 3
1819. 3
1820. 3
1821. 3
1822. 3
1823. 2
1824. 2
1825. 3
1826. 3
1827. 3
1828. 4
1829. 3
1830. 3
1831. 2
1832. 3
1833. 2
1834. 3
1835. 4
1836. 4
1837. 3
1838. 4
1839. 2
1840. 3
1841. 3
1842. 1
1843. 2
1844. 4
1845. 4
1846. 3
1847. 4
1848. 2
1849. 2
1850. 2
1851. 1
1852. 3
1853. 2
1854. 4
1855. 4
1856. 2
1857. 4
1858. 2
1859. 2
1860. 3
1861. 2
1862. 2
1863. 4
1864. 3
1865. 1
1866. 4
1867. 2
1868. 3
1869. 4
1870. 2
1871. 3
1872. 2
1873. 3
1874. 4
1875. 2
1876. 3
1877. 2
1878. 3
1879. 3
1880. 2
1881. 2
1882. 3
1883. 3
1884. 2
1885. 3
1886. 3
1887. 3
1888. 3
1889. 3
1890. 1
1891. 3
1892. 3
1893. 3
1894. 2
1895. 4
1896. 1
1897. 3
1898. 4
1899. 1
1900. 3
1901. 2
1902. 3
1903. 3
1904. 3
1905. 2
1906. 3
1907. 3
1908. 4
1909. 2
1910. 2
1911. 3
1912. 4
1913. 2
1914. 4
1915. 3
1916. 3
1917. 4
1918. 2
1919. 3
1920. 4
1921. 3
1922. 3
1923. 4
1924. 2
1925. 3
1926. 3
1927. 2
1928. 2
1929. 3
1930. 4
1931. 4
1932. 3
1933. 2
1934. 3
1935. 1
1936. 2
1937. 2
1938. 4
